,"A,A","A,C","A,D","A,E","A,F","A,G","A,H","A,I","A,K","A,L","A,M","A,N","A,P","A,Q","A,R","A,S","A,T","A,V","A,W","A,Y","C,A","C,C","C,D","C,E","C,F","C,G","C,H","C,I","C,K","C,L","C,M","C,N","C,P","C,Q","C,R","C,S","C,T","C,V","C,W","C,Y","D,A","D,C","D,D","D,E","D,F","D,G","D,H","D,I","D,K","D,L","D,M","D,N","D,P","D,Q","D,R","D,S","D,T","D,V","D,W","D,Y","E,A","E,C","E,D","E,E","E,F","E,G","E,H","E,I","E,K","E,L","E,M","E,N","E,P","E,Q","E,R","E,S","E,T","E,V","E,W","E,Y","F,A","F,C","F,D","F,E","F,F","F,G","F,H","F,I","F,K","F,L","F,M","F,N","F,P","F,Q","F,R","F,S","F,T","F,V","F,W","F,Y","G,A","G,C","G,D","G,E","G,F","G,G","G,H","G,I","G,K","G,L","G,M","G,N","G,P","G,Q","G,R","G,S","G,T","G,V","G,W","G,Y","H,A","H,C","H,D","H,E","H,F","H,G","H,H","H,I","H,K","H,L","H,M","H,N","H,P","H,Q","H,R","H,S","H,T","H,V","H,W","H,Y","I,A","I,C","I,D","I,E","I,F","I,G","I,H","I,I","I,K","I,L","I,M","I,N","I,P","I,Q","I,R","I,S","I,T","I,V","I,W","I,Y","K,A","K,C","K,D","K,E","K,F","K,G","K,H","K,I","K,K","K,L","K,M","K,N","K,P","K,Q","K,R","K,S","K,T","K,V","K,W","K,Y","L,A","L,C","L,D","L,E","L,F","L,G","L,H","L,I","L,K","L,L","L,M","L,N","L,P","L,Q","L,R","L,S","L,T","L,V","L,W","L,Y","M,A","M,C","M,D","M,E","M,F","M,G","M,H","M,I","M,K","M,L","M,M","M,N","M,P","M,Q","M,R","M,S","M,T","M,V","M,W","M,Y","N,A","N,C","N,D","N,E","N,F","N,G","N,H","N,I","N,K","N,L","N,M","N,N","N,P","N,Q","N,R","N,S","N,T","N,V","N,W","N,Y","P,A","P,C","P,D","P,E","P,F","P,G","P,H","P,I","P,K","P,L","P,M","P,N","P,P","P,Q","P,R","P,S","P,T","P,V","P,W","P,Y","Q,A","Q,C","Q,D","Q,E","Q,F","Q,G","Q,H","Q,I","Q,K","Q,L","Q,M","Q,N","Q,P","Q,Q","Q,R","Q,S","Q,T","Q,V","Q,W","Q,Y","R,A","R,C","R,D","R,E","R,F","R,G","R,H","R,I","R,K","R,L","R,M","R,N","R,P","R,Q","R,R","R,S","R,T","R,V","R,W","R,Y","S,A","S,C","S,D","S,E","S,F","S,G","S,H","S,I","S,K","S,L","S,M","S,N","S,P","S,Q","S,R","S,S","S,T","S,V","S,W","S,Y","T,A","T,C","T,D","T,E","T,F","T,G","T,H","T,I","T,K","T,L","T,M","T,N","T,P","T,Q","T,R","T,S","T,T","T,V","T,W","T,Y","V,A","V,C","V,D","V,E","V,F","V,G","V,H","V,I","V,K","V,L","V,M","V,N","V,P","V,Q","V,R","V,S","V,T","V,V","V,W","V,Y","W,A","W,C","W,D","W,E","W,F","W,G","W,H","W,I","W,K","W,L","W,M","W,N","W,P","W,Q","W,R","W,S","W,T","W,V","W,W","W,Y","Y,A","Y,C","Y,D","Y,E","Y,F","Y,G","Y,H","Y,I","Y,K","Y,L","Y,M","Y,N","Y,P","Y,Q","Y,R","Y,S","Y,T","Y,V","Y,W","Y,Y"
ALTS910101,3.0,-1.0,0.0,0.0,-7.0,-3.0,2.0,5.0,-4.0,-3.0,-5.0,6.0,9.0,4.0,-3.0,-1.0,1.0,-7.0,0.0,1.0,-1.0,-2.0,-5.0,-4.0,-1.0,5.0,-2.0,-1.0,-4.0,-3.0,-6.0,3.0,-4.0,-2.0,1.0,-4.0,-4.0,0.0,1.0,3.0,0.0,-5.0,-4.0,-2.0,2.0,-4.0,-5.0,-3.0,5.0,1.0,-2.0,-4.0,1.0,-7.0,-3.0,-1.0,-7.0,-3.0,0.0,-1.0,0.0,-4.0,-2.0,1.0,-2.0,-1.0,-2.0,-2.0,0.0,-3.0,-1.0,-4.0,-1.0,-4.0,-7.0,-3.0,-3.0,-5.0,-2.0,-3.0,-7.0,-1.0,2.0,-2.0,-6.0,-2.0,-2.0,-1.0,-7.0,-6.0,-1.0,-3.0,-4.0,-5.0,-5.0,4.0,-6.0,-1.0,-3.0,-3.0,-3.0,5.0,-4.0,-1.0,-2.0,6.0,1.0,-1.0,0.0,1.0,-1.0,7.0,-1.0,-4.0,2.0,1.0,-2.0,-1.0,-2.0,-4.0,2.0,-2.0,-5.0,-2.0,-2.0,1.0,-2.0,-3.0,3.0,1.0,1.0,-1.0,0.0,-4.0,5.0,-1.0,-3.0,-1.0,-2.0,-2.0,5.0,-1.0,-3.0,-2.0,-1.0,-1.0,-3.0,-3.0,-3.0,0.0,-1.0,-2.0,-4.0,-7.0,1.0,-1.0,2.0,1.0,4.0,-7.0,-4.0,-4.0,5.0,0.0,-7.0,0.0,3.0,-3.0,-7.0,-8.0,-1.0,-3.0,-2.0,-6.0,0.0,-6.0,12.0,-2.0,-4.0,-6.0,-3.0,-3.0,1.0,-3.0,-6.0,1.0,1.0,0.0,-8.0,-5.0,-8.0,-2.0,-8.0,-6.0,-4.0,-8.0,-5.0,-5.0,-7.0,-5.0,-5.0,-6.0,-2.0,-1.0,-1.0,-1.0,1.0,-1.0,-1.0,-8.0,-5.0,-3.0,-5.0,-6.0,0.0,-4.0,-6.0,-3.0,-1.0,-2.0,6.0,3.0,-4.0,-4.0,-3.0,7.0,-1.0,-2.0,-3.0,-2.0,-3.0,0.0,-3.0,-1.0,0.0,-4.0,-4.0,-4.0,6.0,-3.0,9.0,-4.0,1.0,-1.0,-4.0,-1.0,0.0,-4.0,-2.0,-8.0,-5.0,-3.0,8.0,-2.0,-3.0,0.0,-3.0,-2.0,-3.0,-3.0,4.0,-2.0,-7.0,-4.0,-5.0,-4.0,-4.0,-7.0,-6.0,-6.0,-6.0,-1.0,-2.0,8.0,3.0,0.0,0.0,8.0,-6.0,-1.0,-3.0,1.0,-3.0,-7.0,-5.0,2.0,5.0,1.0,0.0,-4.0,0.0,0.0,-3.0,3.0,6.0,-1.0,5.0,2.0,-3.0,1.0,-1.0,-4.0,-1.0,-3.0,4.0,1.0,-1.0,-1.0,-6.0,-8.0,-4.0,-4.0,0.0,0.0,-1.0,-3.0,-3.0,3.0,-2.0,-3.0,1.0,-4.0,-7.0,-3.0,-6.0,-2.0,-3.0,2.0,12.0,-5.0,-6.0,-4.0,-3.0,0.0,5.0,-3.0,1.0,-3.0,-4.0,1.0,-7.0,0.0,-3.0,-5.0,-1.0,-1.0,-1.0,1.0,-2.0,-5.0,-3.0,-4.0,-2.0,8.0,2.0,3.0,-3.0,5.0,0.0,-3.0,0.0,1.0,0.0,-2.0,-3.0,-2.0,-2.0,4.0,-4.0,-7.0,-1.0,6.0,-3.0,-6.0,-3.0,-2.0,-4.0,0.0,-2.0,-2.0,1.0,3.0,-1.0,-3.0,-3.0,-4.0,-2.0,-7.0,-6.0,-5.0,-2.0,-3.0,-3.0,-1.0,1.0,-3.0,1.0,-3.0,-2.0,-8.0
BENS940101,2.5,-0.1,0.0,-0.6,-3.7,-1.5,2.5,5.2,-0.4,-1.7,-1.6,5.1,12.1,3.6,-1.7,-1.7,2.5,-3.2,0.1,0.6,-0.1,0.9,-5.3,-4.1,-3.1,5.6,-0.2,-3.0,-4.3,-2.5,-3.7,3.2,-4.1,-3.8,1.1,-3.7,-3.4,-2.9,4.0,2.9,0.0,-5.3,-3.4,-2.4,4.3,-5.0,-4.6,-2.2,4.8,2.4,-1.9,-1.2,1.0,-3.8,-0.4,-0.2,-2.8,-1.4,2.5,0.9,-0.6,-4.1,-2.4,1.1,-1.7,-1.3,-1.1,-2.8,0.1,-2.7,-2.6,-2.1,-0.4,-3.2,-4.7,-2.0,-0.2,-3.2,-2.3,-1.8,-3.7,-3.1,4.3,-1.7,-4.0,-1.4,-1.3,0.6,-4.8,-2.6,2.6,-3.8,-3.6,-5.7,-1.3,5.6,-3.8,-0.3,-1.8,-3.4,-1.5,5.6,-5.0,-1.3,-1.4,6.5,1.4,-0.9,-0.4,1.2,0.9,6.1,-1.2,-4.9,2.1,0.8,-0.9,-1.2,-1.2,-1.5,2.5,-0.2,-4.6,-1.1,-1.3,1.4,-1.3,-1.8,2.1,1.4,1.7,0.1,0.5,-3.5,5.2,-1.2,-1.5,-0.5,-1.7,-1.6,5.2,-3.0,-2.2,-2.8,0.6,-0.9,-1.8,-1.7,-0.4,0.7,-1.1,-3.8,-2.4,-5.7,0.8,0.6,1.5,2.0,2.4,-4.3,-0.4,-4.3,4.8,0.1,-4.8,-0.4,2.1,-0.4,-4.4,-6.3,-1.6,-4.2,-2.9,-4.4,-0.1,-2.6,14.7,-0.9,-4.0,-2.6,-1.7,-2.5,2.4,-2.7,-2.6,1.2,1.4,0.7,-6.3,-4.4,1.6,-2.5,-5.6,-0.1,-0.1,-1.7,-2.8,-1.4,-5.0,-3.0,-1.6,-3.7,-1.9,-2.6,2.6,0.9,1.7,-1.1,-1.6,1.6,-2.3,-3.6,-1.4,-6.7,0.8,-4.1,-4.9,-1.6,4.4,-3.3,5.1,3.2,-1.2,-2.1,-3.8,6.1,0.1,-3.8,-4.2,-2.5,-3.6,0.1,-4.1,-0.2,-0.7,-3.4,-3.7,-3.2,4.4,-1.3,12.1,-4.1,1.0,-0.4,-3.6,-1.2,0.5,-2.4,-2.9,-5.6,-1.4,-4.1,9.5,0.1,-1.6,0.7,-3.7,-3.1,-2.4,-3.3,3.6,-3.8,-3.8,-3.2,-5.7,-4.9,-3.5,-5.7,-4.4,-0.1,-6.7,-0.2,0.1,4.8,4.4,0.0,2.4,8.3,-6.3,-0.1,-1.7,1.1,-0.4,-4.7,-1.3,2.1,5.2,0.8,-0.1,-0.1,0.8,-0.7,-1.6,4.4,5.3,0.5,5.8,1.4,-2.1,1.8,-1.7,-3.7,-0.2,-2.0,5.6,0.8,-1.2,0.6,-2.6,-1.7,-4.1,-3.4,0.7,0.0,0.5,-3.5,-3.0,3.9,-2.3,-3.8,2.5,-3.4,-2.8,-0.2,-3.8,-0.9,-1.5,1.5,14.7,-2.8,-4.9,-3.7,-3.7,2.4,5.8,-3.0,1.9,-0.5,-3.8,3.3,-3.2,-2.9,-1.4,-3.2,-0.3,-1.2,-0.5,2.0,-0.9,-1.4,-1.6,-3.2,-3.1,8.3,1.4,3.9,-0.5,4.0,0.6,-3.8,0.1,4.0,2.5,-2.3,-1.8,-1.2,-1.7,2.4,-4.0,-5.0,4.4,4.4,-2.4,-6.3,-2.1,-2.3,-3.8,0.6,-1.6,-0.9,0.6,2.9,0.9,-1.8,-3.4,-1.5,-1.6,-4.3,-2.6,-3.0,-3.3,-1.3,-3.3,-0.1,1.8,-3.8,3.3,-3.8,-0.9,-4.8
BENS940102,2.5,0.4,0.0,-0.2,-3.7,-1.0,2.4,4.8,-1.6,-1.2,-1.9,5.0,12.6,3.3,-1.2,-0.9,2.2,-3.3,0.5,0.6,0.4,0.8,-4.9,-3.3,-1.7,4.4,-0.8,-2.1,-3.9,-2.6,-2.5,2.4,-3.4,-3.0,1.2,-3.8,-2.4,-2.0,3.1,3.2,0.0,-4.9,-3.5,-2.0,3.9,-4.4,-4.9,-2.1,4.6,2.7,-1.0,-1.5,1.0,-2.6,-0.1,0.2,-3.3,-1.0,2.2,1.0,-0.2,-3.3,-2.0,0.8,-1.8,-1.2,-1.1,-1.8,-0.1,-3.1,-1.7,-2.0,-0.4,-3.1,-4.3,-2.3,-1.3,-3.4,-1.6,-2.0,-3.7,-1.7,3.9,-1.8,-3.6,-0.6,-0.7,0.1,-5.8,-3.3,0.6,-2.7,-1.8,-5.8,-1.7,5.9,-3.5,1.5,-1.9,-3.0,-1.0,4.4,-4.4,-1.2,-0.6,7.0,1.3,-0.5,0.1,1.1,0.3,6.1,-0.5,-4.3,1.7,0.6,-0.5,-0.4,-1.4,-2.1,2.4,-0.8,-4.9,-1.1,-0.7,1.3,-1.5,-2.2,2.0,1.1,1.4,-0.4,0.5,-3.5,4.6,-0.7,-1.1,-0.7,-0.7,-0.9,4.8,-2.1,-2.1,-1.8,0.1,-0.5,-2.2,-1.1,-1.0,0.3,-0.4,-3.2,-2.6,-5.4,0.8,0.4,1.5,-1.1,2.5,-5.5,-1.6,-3.9,4.6,-0.1,-5.8,0.1,2.0,-1.0,-2.8,-6.4,0.5,-4.0,-3.9,-3.6,0.4,-4.5,15.7,-1.2,-3.5,-2.7,-1.2,-2.6,2.7,-3.1,-3.3,1.1,1.1,0.3,-6.4,-5.2,0.5,-2.7,-6.3,-0.1,-0.7,-4.5,-2.7,-3.7,-4.4,-1.8,-1.9,-2.5,-1.0,-1.7,0.6,0.3,1.4,-0.4,0.5,0.5,-3.0,-2.4,-1.9,-5.7,0.7,-4.0,-4.8,-0.7,3.7,-2.2,5.0,2.4,-1.5,-2.0,-2.7,6.1,-0.4,-3.2,-4.0,-2.7,-2.4,0.3,-3.6,-0.2,-0.3,-3.8,-3.2,-2.9,4.2,-1.7,12.6,-3.4,1.0,-0.4,-1.8,-0.5,0.5,-2.6,-3.9,-6.3,-1.9,-3.6,9.0,0.3,-1.4,0.4,-2.9,-1.7,-2.3,-3.0,3.3,-3.0,-2.6,-3.1,-5.8,-4.3,-3.5,-5.4,-3.6,-0.1,-5.7,-0.2,0.3,4.9,3.9,0.5,2.2,7.7,-5.1,0.7,-1.2,1.2,-0.1,-4.3,-1.7,1.7,4.6,0.8,0.4,-0.7,0.7,-0.3,-1.4,3.9,4.2,0.5,6.2,1.4,-1.6,1.5,-0.9,-3.8,0.2,-2.3,5.9,0.6,-0.7,0.4,-4.5,-4.5,-4.0,-3.8,0.4,0.5,0.5,-2.4,-2.7,3.6,-2.5,-3.0,2.2,-2.4,-3.3,-1.3,-3.5,-0.5,-1.1,1.5,15.7,-2.7,-4.8,-3.2,-2.9,2.2,6.2,-2.7,2.0,-0.1,-2.7,2.5,-3.3,-2.0,-1.0,-3.4,1.5,-0.4,-0.7,-1.1,-1.2,-3.7,-0.7,-2.9,-1.7,7.7,1.4,3.6,-0.1,3.7,0.4,-2.6,0.5,3.1,2.2,-1.6,-1.9,-1.4,-0.7,2.5,-3.5,-4.4,3.7,4.2,-2.3,-5.1,-1.6,-2.5,-2.7,0.4,-1.7,-0.9,0.6,3.2,1.0,-2.0,-3.0,-2.1,-0.9,-5.5,-2.7,-1.8,-2.2,-1.7,-3.0,0.7,1.5,-3.0,2.5,-2.6,-0.9,-4.5
BENS940103,2.4,0.3,-0.2,-0.3,-3.2,-0.5,2.2,4.8,-2.2,0.3,-1.8,4.8,11.8,3.6,-0.8,-0.3,1.6,-2.6,0.7,0.8,0.3,0.6,-4.2,-2.4,-1.0,3.4,-0.8,-1.8,-3.2,-2.2,-1.2,1.4,-2.2,-2.3,1.0,-3.5,-1.5,-1.5,2.6,2.9,-0.2,-4.2,-3.1,-1.7,2.9,-3.1,-4.6,-1.9,4.2,2.8,-0.4,-1.3,0.9,-1.6,0.3,0.4,-2.9,-1.1,1.7,1.2,-0.3,-2.4,-1.7,0.4,-1.7,-1.0,-1.0,-1.0,-0.2,-3.1,-0.7,-1.6,-1.0,-2.6,-3.2,-2.6,-2.2,-3.8,-0.8,-2.4,-3.2,-1.0,2.9,-1.7,-2.4,0.1,-0.3,-0.4,-5.2,-2.8,-0.4,-2.0,-0.5,-5.4,-2.0,5.3,-3.4,3.6,-1.9,-2.1,-0.5,3.4,-3.1,-1.0,0.1,7.5,1.1,-0.2,0.4,0.9,0.1,6.1,0.1,-3.5,1.7,0.4,-0.3,0.0,-1.8,-2.2,2.2,-0.8,-4.6,-1.0,-0.3,1.1,-1.4,-2.6,2.1,0.5,0.7,-0.8,0.4,-3.2,3.7,-0.2,-0.6,-1.0,-0.1,-0.2,4.8,-1.8,-1.9,-1.0,-0.4,-0.2,-2.6,-0.5,-1.1,-0.3,0.1,-2.6,-2.2,-4.7,0.6,0.1,1.4,-1.6,2.5,-4.1,-2.2,-3.2,4.2,-0.2,-5.2,0.4,2.1,-1.1,-1.3,-5.5,3.0,-3.9,-3.4,-2.8,0.4,-3.7,14.7,-1.4,-2.6,-2.0,0.3,-2.2,2.8,-3.1,-2.8,0.9,0.5,-0.3,-5.5,-4.0,-0.9,-2.8,-4.7,-0.7,-1.0,-4.1,-1.0,-3.6,-2.3,-0.9,-1.8,-1.2,-0.4,-0.7,-0.4,0.1,0.7,0.1,3.0,-0.9,-2.8,-1.2,-1.8,-4.3,0.2,-3.0,-4.3,-0.1,2.5,-1.0,4.8,1.4,-1.3,-1.6,-2.0,6.1,-0.8,-2.6,-3.9,-2.8,-1.2,0.4,-2.9,0.2,-0.1,-4.3,-2.3,-2.4,4.0,-1.4,11.8,-2.2,0.9,-1.0,-0.5,0.1,0.4,-2.2,-3.4,-4.7,-1.8,-2.9,8.1,0.0,-1.1,0.1,-2.2,-0.2,-2.2,-2.9,3.6,-2.3,-1.6,-2.6,-5.4,-3.5,-3.2,-4.7,-2.8,-0.7,-4.3,0.2,0.0,4.5,2.9,0.9,2.1,7.2,-3.6,1.3,-0.8,1.0,0.3,-3.2,-2.0,1.7,3.7,0.6,0.4,-1.0,0.2,-0.1,-1.1,2.9,3.0,-0.5,6.6,1.2,-1.0,1.0,-0.3,-3.5,0.4,-2.6,5.3,0.4,-0.2,0.1,-3.7,-4.1,-3.0,-4.3,0.1,0.9,-0.5,-1.7,-2.1,3.2,-3.1,-2.1,1.6,-1.5,-2.9,-2.2,-3.4,-0.3,-0.6,1.4,14.7,-1.0,-4.3,-2.3,-2.2,2.1,6.6,-2.1,1.9,0.1,-1.9,1.8,-2.6,-1.5,-1.1,-3.8,3.6,0.0,-1.0,-1.6,-1.4,-3.6,-0.1,-2.4,-0.2,7.2,1.2,3.2,0.1,3.4,0.2,-1.4,0.7,2.6,1.7,-0.8,-1.9,-1.8,-0.1,2.5,-2.6,-2.3,2.5,4.0,-2.2,-3.6,-1.0,-3.1,-1.9,0.2,-1.9,-1.0,0.8,2.9,1.2,-2.4,-2.1,-2.2,-0.2,-4.1,-2.0,-0.9,-1.0,-1.4,-2.9,1.3,1.0,-2.1,1.8,-1.4,-1.0,-2.9
BENS940104,4.0,-1.5,-1.7,1.0,-1.6,-2.3,1.7,4.8,0.7,-1.9,-1.5,2.9,5.5,4.7,-1.6,-2.1,0.3,-3.1,0.4,0.3,-1.5,0.6,-2.4,-2.0,-1.2,5.6,-2.0,-0.4,-2.5,0.1,-2.7,3.6,-1.8,0.7,0.3,-2.3,-1.8,1.6,3.3,1.5,-1.7,-2.4,-2.2,0.1,-0.2,-2.5,-2.2,-0.1,3.4,1.2,-1.9,-1.6,3.5,-1.3,-2.0,0.3,-3.2,-2.2,2.2,2.0,1.0,-2.0,0.1,0.8,-1.8,0.3,-1.6,-2.2,1.0,-1.9,-2.1,-2.2,0.7,-2.4,-3.0,-1.6,0.0,-1.8,-1.5,-1.4,-1.6,-1.2,-0.2,-1.8,-0.8,-2.3,-0.6,0.7,-1.6,-2.3,2.6,-1.9,-2.9,-1.9,1.0,2.0,-2.3,-0.5,0.3,-2.1,-2.3,5.6,-2.5,0.3,-2.3,3.8,0.1,0.3,-2.1,-0.3,1.5,4.7,-2.8,-1.5,2.0,-0.6,-1.6,-1.5,-0.5,-1.2,1.7,-2.0,-2.2,-1.6,-0.6,0.1,-1.3,0.0,2.6,0.4,0.9,-1.8,0.9,-1.3,5.7,-2.1,-1.9,-2.1,-1.7,-2.1,4.8,-0.4,-0.1,-2.2,0.7,0.3,0.0,-1.8,-1.9,0.8,1.0,-1.2,-2.1,-1.7,1.2,1.1,1.0,1.8,4.0,-2.2,0.7,-2.5,3.4,1.0,-1.6,-2.1,2.6,-1.9,-2.0,-2.9,0.0,-2.1,0.8,-2.1,-2.6,-2.2,7.5,2.5,-2.4,-1.9,-1.9,0.1,1.2,-1.9,-2.3,-0.3,0.4,0.8,-2.9,-3.0,4.1,0.9,-3.2,1.8,0.8,1.4,-2.1,-3.0,-2.2,-0.3,-1.5,-2.7,-1.9,-2.1,2.6,1.5,0.9,1.0,0.0,4.1,2.3,-1.9,-0.8,-2.9,1.1,-0.9,-1.8,-1.6,2.3,-1.6,2.9,3.6,-1.6,-2.2,-1.9,4.7,-1.8,-1.2,-2.1,0.9,-1.9,1.7,-2.3,0.3,1.3,-2.5,-1.8,-0.4,4.1,-2.3,5.5,-1.8,3.5,0.7,-2.9,-2.8,0.9,-2.1,0.8,-3.2,-0.8,-2.3,6.5,-1.1,-2.1,1.0,-2.1,-2.2,-2.2,1.0,4.7,0.7,-1.3,-2.4,-1.9,-1.5,-1.3,-1.7,-2.1,1.8,-2.9,0.3,-1.1,5.4,3.8,1.3,2.2,4.5,-2.8,0.5,-1.6,0.3,-2.0,-3.0,1.0,2.0,5.7,1.2,-2.6,0.8,1.1,1.3,-2.1,3.8,5.5,1.4,4.2,1.8,-2.1,3.6,-2.1,-2.3,0.3,-1.6,2.0,-0.6,-2.1,1.1,-2.2,1.4,-0.9,-2.5,1.0,1.3,1.4,-2.0,1.3,1.0,1.1,-2.1,0.3,-1.8,-3.2,0.0,-2.3,-1.6,-1.9,1.0,7.5,-2.1,-1.8,-1.8,-2.1,2.2,4.2,1.3,1.1,1.0,-2.1,1.0,-3.1,1.6,-2.2,-1.8,-0.5,-1.5,-2.1,1.8,2.5,-3.0,-1.6,-0.4,-2.2,4.5,1.8,1.0,1.0,4.1,-2.2,-2.2,0.4,3.3,2.2,-1.5,0.3,-0.5,-1.7,4.0,-2.4,-2.2,2.3,4.1,-2.2,-2.8,-2.1,1.1,-2.1,-2.2,-2.1,-2.2,0.3,1.5,2.0,-1.4,-2.1,-1.2,-2.1,-2.2,-1.9,-0.3,-1.6,-2.3,1.0,0.5,3.6,-2.1,1.0,-2.2,-2.2,-2.1
CSEM940101,1.0,0.12,-0.14,-0.08,-0.24,-0.01,0.56,1.0,-0.2,0.04,-0.14,1.0,1.0,1.0,-0.07,-0.01,0.57,-0.29,0.2,0.19,0.12,-0.09,-0.55,-0.34,-0.18,1.0,0.15,-0.17,-0.25,-0.11,0.1,0.05,-0.14,-0.4,0.13,-0.01,-0.19,-0.16,0.36,0.38,-0.14,-0.55,-0.39,-0.3,0.47,-0.45,-0.14,-0.12,1.0,0.6,-0.07,0.18,0.22,0.23,0.34,0.18,-0.43,-0.23,0.52,0.54,-0.08,-0.34,-0.3,-0.07,0.25,-0.17,0.05,0.09,-0.03,0.02,-0.11,0.18,0.05,-0.25,-0.51,-0.19,-0.2,-0.12,-0.17,-0.17,-0.24,-0.18,0.47,0.25,-0.2,-0.06,-0.32,-0.02,-0.13,-0.17,0.21,-0.43,0.07,-0.09,0.25,0.54,-0.23,0.43,-0.21,-0.14,-0.01,1.0,-0.45,-0.17,-0.06,1.0,0.14,-0.16,0.22,0.14,0.1,1.0,-0.17,-0.31,0.51,0.29,0.14,-0.24,-0.27,-0.19,0.56,0.15,-0.14,0.05,-0.32,0.14,-0.17,-0.01,1.0,0.27,0.11,-0.1,0.13,-0.33,1.0,0.23,0.14,-0.02,-0.15,-0.27,1.0,-0.17,-0.12,0.09,-0.02,-0.16,-0.01,0.08,-0.04,0.0,-0.24,-0.29,0.02,-0.4,0.11,0.2,0.45,-0.03,1.0,-0.25,-0.2,-0.25,1.0,-0.03,-0.13,0.22,1.0,-0.04,0.16,-0.41,0.41,-0.54,-0.17,-0.44,0.22,-0.12,1.0,-0.27,-0.36,-0.03,0.04,-0.11,0.6,0.02,-0.17,0.14,0.27,0.0,-0.41,-0.39,0.18,-0.37,-0.22,0.3,-0.11,-0.08,-0.11,-0.22,0.36,0.22,-0.14,0.1,-0.07,-0.11,0.21,0.1,0.11,-0.24,0.41,0.18,-0.34,0.26,-0.28,-0.5,0.11,-0.32,-0.24,0.17,0.08,0.43,1.0,0.05,0.18,0.18,-0.43,1.0,-0.1,-0.29,-0.54,-0.37,0.26,0.22,-0.51,-0.19,0.08,-0.22,-0.14,-0.2,1.0,0.2,1.0,-0.14,0.22,0.05,0.07,-0.17,0.13,0.02,-0.17,-0.22,-0.28,-0.51,1.0,-0.06,-0.13,0.06,-0.29,0.33,-0.46,-0.48,1.0,-0.4,0.23,-0.25,-0.09,-0.31,-0.33,-0.4,-0.44,0.3,-0.5,-0.19,-0.06,1.0,0.37,0.6,0.44,1.0,-0.41,0.22,-0.07,0.13,0.34,-0.51,0.25,0.51,1.0,0.11,0.22,-0.11,0.11,0.08,-0.13,0.37,1.0,-0.23,1.0,0.32,-0.11,0.13,-0.01,-0.01,0.18,-0.19,0.54,0.29,0.23,0.2,-0.12,-0.08,-0.32,-0.22,0.06,0.6,-0.23,-0.38,-0.44,0.7,-0.12,-0.18,0.57,-0.19,-0.43,-0.2,-0.23,0.14,0.14,0.45,1.0,-0.11,-0.24,-0.14,-0.29,0.44,1.0,-0.44,0.49,0.47,-0.36,0.23,-0.29,-0.16,-0.23,-0.12,0.43,-0.24,-0.02,-0.03,-0.27,-0.22,0.17,-0.2,0.33,1.0,0.32,0.7,0.47,1.0,0.07,0.31,0.2,0.36,0.52,-0.17,-0.21,-0.27,-0.15,1.0,-0.36,0.36,0.08,1.0,-0.46,-0.41,-0.11,-0.12,-0.36,0.07,-0.17,-0.18,0.19,0.38,0.54,-0.17,-0.14,-0.19,-0.27,-0.25,-0.03,0.22,0.43,0.2,-0.48,0.22,0.13,-0.18,0.23,0.31,-0.18,0.29
DAYM780301,2.0,0.0,0.0,0.0,-5.0,-1.0,2.0,4.0,-4.0,-2.0,-4.0,6.0,12.0,2.0,-2.0,0.0,1.0,-5.0,1.0,2.0,0.0,0.0,-4.0,-3.0,-1.0,5.0,-1.0,0.0,-3.0,-2.0,-5.0,3.0,-2.0,-2.0,1.0,-3.0,-2.0,0.0,2.0,4.0,0.0,-4.0,-3.0,-2.0,3.0,-3.0,-4.0,-2.0,6.0,2.0,-1.0,-3.0,1.0,-6.0,-1.0,0.0,-5.0,-2.0,1.0,0.0,0.0,-3.0,-2.0,1.0,-1.0,0.0,-1.0,-1.0,0.0,-3.0,-1.0,-2.0,0.0,-4.0,-5.0,-2.0,-3.0,-5.0,-1.0,-2.0,-5.0,-1.0,3.0,-1.0,-4.0,-1.0,-1.0,-1.0,-6.0,-5.0,0.0,-2.0,-2.0,-5.0,-3.0,7.0,-5.0,0.0,-3.0,-3.0,-1.0,5.0,-3.0,0.0,-1.0,6.0,1.0,0.0,0.0,1.0,0.0,6.0,0.0,-4.0,2.0,1.0,-1.0,0.0,-1.0,-3.0,2.0,-1.0,-4.0,-1.0,-1.0,1.0,-2.0,-3.0,2.0,1.0,1.0,-1.0,0.0,-4.0,4.0,0.0,-2.0,0.0,-1.0,0.0,4.0,0.0,-2.0,-1.0,-1.0,0.0,-3.0,-1.0,-2.0,0.0,0.0,-2.0,-3.0,-6.0,1.0,0.0,1.0,2.0,3.0,-6.0,-4.0,-3.0,6.0,0.0,-6.0,0.0,2.0,-2.0,-4.0,-7.0,0.0,-2.0,-2.0,-5.0,0.0,-5.0,17.0,-2.0,-3.0,-4.0,-2.0,-2.0,2.0,-3.0,-5.0,1.0,1.0,0.0,-7.0,-4.0,-8.0,-2.0,-7.0,-4.0,-3.0,-7.0,-3.0,-3.0,-5.0,-2.0,-4.0,-5.0,-1.0,-1.0,0.0,0.0,1.0,0.0,0.0,-8.0,-4.0,-2.0,-4.0,-5.0,1.0,-4.0,-5.0,-1.0,0.0,-1.0,6.0,3.0,-3.0,-2.0,-2.0,6.0,-1.0,-2.0,-2.0,-2.0,-2.0,1.0,-2.0,1.0,0.0,-3.0,-2.0,-3.0,5.0,-2.0,12.0,-2.0,1.0,0.0,-2.0,0.0,0.0,-3.0,-2.0,-7.0,-4.0,-2.0,10.0,-2.0,-1.0,0.0,-2.0,-2.0,-2.0,-2.0,2.0,-2.0,-6.0,-4.0,-5.0,-4.0,-4.0,-6.0,-5.0,-4.0,-5.0,1.0,-2.0,6.0,3.0,1.0,2.0,9.0,-5.0,0.0,-2.0,1.0,-1.0,-5.0,-3.0,2.0,4.0,1.0,0.0,-3.0,1.0,0.0,-1.0,3.0,4.0,0.0,5.0,2.0,-1.0,2.0,0.0,-3.0,0.0,-2.0,7.0,1.0,0.0,0.0,-5.0,-7.0,-4.0,-3.0,0.0,1.0,0.0,-2.0,-2.0,4.0,-1.0,-2.0,1.0,-2.0,-5.0,-3.0,-5.0,-1.0,-2.0,1.0,17.0,-3.0,-5.0,-2.0,-2.0,2.0,5.0,-2.0,2.0,-1.0,-2.0,2.0,-5.0,0.0,-2.0,-5.0,0.0,0.0,0.0,2.0,-2.0,-3.0,-1.0,-3.0,-2.0,9.0,2.0,4.0,-1.0,4.0,0.0,-2.0,1.0,2.0,1.0,-1.0,-3.0,-1.0,-1.0,3.0,-3.0,-5.0,0.0,5.0,-2.0,-5.0,-1.0,-1.0,-2.0,0.0,-1.0,-1.0,2.0,4.0,0.0,-2.0,-3.0,-3.0,0.0,-6.0,-4.0,-2.0,-1.0,-2.0,-2.0,0.0,2.0,-2.0,2.0,-2.0,-1.0,-6.0
FEND850101,6.0,2.0,3.0,4.0,1.0,2.0,5.0,6.0,2.0,2.0,2.0,6.0,6.0,6.0,2.0,3.0,3.0,1.0,3.0,4.0,2.0,3.0,1.0,2.0,2.0,6.0,2.0,2.0,0.0,1.0,2.0,4.0,1.0,2.0,3.0,1.0,1.0,2.0,4.0,5.0,3.0,1.0,1.0,2.0,5.0,1.0,2.0,3.0,6.0,5.0,3.0,2.0,4.0,2.0,2.0,3.0,0.0,2.0,4.0,4.0,4.0,2.0,2.0,5.0,3.0,3.0,2.0,2.0,3.0,2.0,3.0,1.0,3.0,2.0,0.0,2.0,3.0,2.0,2.0,2.0,1.0,2.0,5.0,3.0,1.0,3.0,3.0,3.0,2.0,1.0,3.0,1.0,2.0,1.0,3.0,5.0,2.0,3.0,3.0,2.0,2.0,6.0,1.0,3.0,3.0,6.0,5.0,3.0,3.0,5.0,4.0,6.0,3.0,1.0,4.0,5.0,3.0,3.0,2.0,2.0,5.0,2.0,2.0,2.0,3.0,5.0,1.0,3.0,6.0,4.0,5.0,2.0,4.0,1.0,6.0,2.0,2.0,2.0,3.0,3.0,6.0,2.0,3.0,2.0,3.0,3.0,3.0,2.0,2.0,3.0,4.0,2.0,1.0,1.0,5.0,4.0,5.0,2.0,6.0,2.0,2.0,0.0,6.0,3.0,2.0,3.0,6.0,2.0,3.0,0.0,3.0,1.0,2.0,1.0,3.0,1.0,6.0,3.0,2.0,1.0,2.0,1.0,5.0,2.0,1.0,5.0,4.0,3.0,0.0,0.0,3.0,2.0,1.0,3.0,3.0,3.0,1.0,1.0,2.0,4.0,2.0,2.0,3.0,3.0,3.0,4.0,5.0,4.0,3.0,3.0,2.0,2.0,2.0,0.0,4.0,1.0,2.0,3.0,3.0,3.0,6.0,4.0,2.0,1.0,1.0,6.0,2.0,2.0,1.0,2.0,2.0,3.0,1.0,2.0,4.0,2.0,1.0,2.0,6.0,2.0,6.0,1.0,4.0,3.0,2.0,3.0,4.0,1.0,2.0,1.0,2.0,1.0,6.0,2.0,2.0,5.0,2.0,2.0,2.0,3.0,6.0,2.0,2.0,2.0,1.0,1.0,1.0,1.0,1.0,3.0,0.0,2.0,2.0,6.0,5.0,4.0,4.0,6.0,0.0,2.0,2.0,3.0,2.0,0.0,3.0,4.0,6.0,5.0,3.0,3.0,4.0,4.0,2.0,5.0,6.0,4.0,6.0,4.0,2.0,4.0,3.0,1.0,3.0,2.0,5.0,5.0,2.0,4.0,1.0,3.0,1.0,2.0,5.0,4.0,4.0,2.0,4.0,5.0,4.0,1.0,3.0,1.0,0.0,3.0,2.0,3.0,2.0,5.0,6.0,1.0,2.0,1.0,2.0,4.0,6.0,4.0,5.0,4.0,3.0,4.0,1.0,2.0,2.0,2.0,3.0,3.0,2.0,2.0,3.0,1.0,3.0,2.0,2.0,6.0,4.0,5.0,4.0,6.0,3.0,3.0,3.0,4.0,4.0,2.0,3.0,2.0,3.0,6.0,2.0,2.0,3.0,6.0,2.0,0.0,2.0,4.0,3.0,3.0,3.0,2.0,4.0,5.0,4.0,2.0,2.0,2.0,3.0,2.0,1.0,4.0,3.0,2.0,3.0,2.0,4.0,1.0,4.0,3.0,2.0,3.0
FITW660101,0.0,2.0,2.0,1.0,2.0,2.0,1.0,0.0,1.0,2.0,2.0,0.0,0.0,0.0,2.0,2.0,1.0,2.0,2.0,2.0,2.0,2.0,2.0,2.0,2.0,0.0,2.0,1.0,3.0,2.0,3.0,1.0,2.0,2.0,2.0,2.0,3.0,1.0,1.0,1.0,2.0,2.0,2.0,1.0,1.0,2.0,1.0,1.0,0.0,1.0,2.0,2.0,1.0,2.0,2.0,2.0,3.0,2.0,1.0,1.0,1.0,2.0,1.0,1.0,2.0,1.0,2.0,2.0,1.0,2.0,2.0,2.0,1.0,2.0,3.0,2.0,1.0,2.0,2.0,2.0,2.0,2.0,1.0,2.0,2.0,1.0,1.0,1.0,2.0,1.0,1.0,3.0,3.0,2.0,1.0,1.0,2.0,2.0,1.0,2.0,2.0,0.0,2.0,1.0,1.0,0.0,1.0,1.0,2.0,1.0,1.0,0.0,2.0,2.0,1.0,1.0,2.0,2.0,1.0,1.0,1.0,2.0,1.0,2.0,1.0,1.0,2.0,1.0,0.0,1.0,1.0,2.0,1.0,2.0,0.0,2.0,2.0,2.0,2.0,2.0,0.0,1.0,1.0,2.0,1.0,1.0,1.0,2.0,2.0,1.0,1.0,2.0,2.0,2.0,1.0,1.0,1.0,1.0,0.0,2.0,1.0,3.0,0.0,1.0,2.0,2.0,0.0,2.0,2.0,3.0,2.0,2.0,1.0,2.0,2.0,2.0,0.0,1.0,2.0,2.0,2.0,2.0,1.0,2.0,1.0,1.0,1.0,1.0,3.0,3.0,1.0,1.0,2.0,1.0,1.0,1.0,3.0,2.0,3.0,1.0,2.0,3.0,2.0,2.0,1.0,1.0,1.0,1.0,2.0,1.0,1.0,2.0,1.0,3.0,1.0,2.0,2.0,2.0,1.0,2.0,0.0,1.0,2.0,2.0,3.0,0.0,2.0,2.0,2.0,1.0,2.0,1.0,3.0,2.0,1.0,2.0,2.0,1.0,0.0,2.0,0.0,2.0,1.0,1.0,3.0,2.0,1.0,2.0,1.0,2.0,1.0,3.0,0.0,2.0,2.0,1.0,2.0,1.0,2.0,1.0,0.0,2.0,2.0,2.0,2.0,2.0,2.0,2.0,2.0,1.0,3.0,2.0,2.0,0.0,1.0,1.0,1.0,0.0,3.0,2.0,2.0,2.0,2.0,3.0,1.0,1.0,0.0,1.0,2.0,1.0,1.0,1.0,2.0,1.0,0.0,1.0,0.0,1.0,2.0,1.0,2.0,2.0,2.0,2.0,1.0,1.0,2.0,1.0,2.0,1.0,2.0,2.0,1.0,1.0,1.0,2.0,1.0,1.0,1.0,2.0,1.0,3.0,3.0,1.0,2.0,2.0,2.0,1.0,0.0,3.0,2.0,2.0,2.0,1.0,0.0,1.0,1.0,1.0,2.0,1.0,2.0,1.0,2.0,2.0,2.0,2.0,2.0,1.0,1.0,2.0,2.0,1.0,1.0,0.0,1.0,1.0,1.0,0.0,2.0,2.0,2.0,1.0,1.0,2.0,1.0,1.0,2.0,0.0,2.0,3.0,1.0,0.0,2.0,3.0,2.0,1.0,2.0,2.0,2.0,2.0,2.0,1.0,1.0,2.0,2.0,1.0,2.0,2.0,2.0,1.0,2.0,2.0,1.0,2.0,1.0,2.0,1.0,2.0,2.0,2.0
GEOD900101,10.0,6.0,9.0,5.0,5.0,9.0,6.0,10.0,4.0,9.0,8.0,10.0,10.0,10.0,5.0,9.0,6.0,8.0,10.0,6.0,6.0,5.0,3.0,3.0,8.0,10.0,9.0,3.0,4.0,8.0,10.0,9.0,4.0,3.0,6.0,8.0,9.0,3.0,9.0,9.0,9.0,3.0,7.0,7.0,10.0,3.0,7.0,8.0,10.0,10.0,5.0,9.0,6.0,9.0,9.0,9.0,4.0,5.0,6.0,9.0,5.0,3.0,7.0,9.0,8.0,3.0,8.0,4.0,8.0,9.0,4.0,9.0,9.0,7.0,5.0,9.0,9.0,8.0,3.0,10.0,5.0,8.0,10.0,8.0,2.0,10.0,5.0,9.0,7.0,4.0,8.0,7.0,8.0,6.0,8.0,10.0,9.0,8.0,6.0,7.0,9.0,10.0,3.0,3.0,10.0,10.0,9.0,6.0,7.0,10.0,8.0,10.0,7.0,1.0,6.0,10.0,9.0,6.0,7.0,7.0,6.0,9.0,7.0,8.0,5.0,9.0,8.0,6.0,10.0,7.0,10.0,8.0,9.0,6.0,10.0,5.0,9.0,9.0,9.0,5.0,10.0,3.0,8.0,4.0,9.0,6.0,6.0,10.0,8.0,8.0,5.0,3.0,7.0,2.0,9.0,8.0,9.0,0.0,10.0,5.0,4.0,4.0,10.0,8.0,7.0,7.0,10.0,8.0,7.0,1.0,9.0,3.0,4.0,6.0,10.0,5.0,10.0,6.0,7.0,2.0,9.0,8.0,10.0,9.0,4.0,10.0,7.0,8.0,1.0,4.0,6.0,7.0,1.0,8.0,5.0,5.0,5.0,0.0,8.0,8.0,8.0,10.0,5.0,4.0,8.0,8.0,10.0,5.0,9.0,6.0,3.0,9.0,6.0,2.0,6.0,3.0,6.0,9.0,7.0,9.0,10.0,9.0,9.0,9.0,7.0,10.0,8.0,3.0,3.0,7.0,9.0,5.0,3.0,5.0,5.0,7.0,8.0,3.0,10.0,8.0,10.0,4.0,6.0,9.0,8.0,7.0,9.0,7.0,4.0,1.0,6.0,3.0,10.0,7.0,10.0,8.0,3.0,9.0,7.0,4.0,10.0,3.0,9.0,7.0,6.0,1.0,6.0,2.0,6.0,8.0,2.0,5.0,7.0,10.0,10.0,9.0,9.0,10.0,1.0,8.0,5.0,6.0,9.0,5.0,8.0,6.0,10.0,9.0,10.0,5.0,6.0,5.0,10.0,10.0,10.0,6.0,10.0,9.0,10.0,5.0,9.0,8.0,9.0,9.0,10.0,10.0,5.0,8.0,5.0,5.0,3.0,7.0,8.0,9.0,6.0,7.0,4.0,10.0,8.0,8.0,6.0,9.0,4.0,9.0,9.0,9.0,9.0,9.0,10.0,5.0,6.0,8.0,3.0,9.0,10.0,4.0,10.0,8.0,3.0,10.0,8.0,3.0,5.0,8.0,8.0,6.0,9.0,0.0,6.0,0.0,9.0,3.0,9.0,10.0,9.0,10.0,8.0,10.0,8.0,9.0,10.0,9.0,6.0,3.0,6.0,7.0,9.0,10.0,7.0,8.0,7.0,10.0,7.0,1.0,10.0,8.0,3.0,8.0,10.0,7.0,6.0,9.0,9.0,10.0,7.0,7.0,5.0,5.0,2.0,8.0,9.0,8.0,4.0,8.0,5.0,8.0,10.0,9.0,7.0,7.0
GONG920101,2.4,0.3,-0.3,-0.3,-3.2,-0.3,2.2,4.7,-2.2,0.5,-1.8,4.7,11.5,3.8,-0.6,-0.2,1.5,-2.4,0.7,0.9,0.3,0.6,-4.0,-2.1,-1.0,3.2,-0.7,-1.7,-3.0,-2.2,-0.9,1.2,-2.0,-2.1,0.9,-3.5,-1.3,-1.4,2.5,2.8,-0.3,-4.0,-3.0,-1.6,2.7,-2.8,-4.4,-1.9,4.0,2.8,-0.4,-1.3,0.8,-1.5,0.4,0.5,-2.8,-1.1,1.5,1.2,-0.3,-2.1,-1.6,0.3,-1.6,-0.9,-0.9,-0.7,-0.2,-3.1,-0.5,-1.4,-1.1,-2.3,-3.0,-2.6,-2.3,-3.8,-0.6,-2.4,-3.2,-1.0,2.7,-1.6,-2.1,0.2,-0.2,-0.6,-5.0,-2.7,-0.5,-1.9,-0.2,-5.2,-2.0,5.1,-3.1,4.1,-1.9,-1.9,-0.3,3.2,-2.8,-0.9,0.2,7.6,1.1,-0.2,0.5,0.9,0.1,6.0,0.2,-3.2,1.7,0.4,-0.2,0.1,-1.8,-2.1,2.2,-0.7,-4.4,-0.9,-0.2,1.1,-1.4,-2.8,2.2,0.4,0.6,-0.8,0.5,-3.1,3.6,0.0,-0.5,-1.1,0.0,-0.1,4.7,-1.7,-1.9,-0.7,-0.6,-0.2,-2.8,-0.3,-1.3,-0.6,0.1,-2.4,-2.2,-4.5,0.5,0.1,1.5,-1.6,2.5,-3.6,-2.2,-3.0,4.0,-0.2,-5.0,0.5,2.2,-1.3,-1.0,-5.2,3.6,-3.8,-3.3,-2.6,0.4,-3.5,14.2,-1.4,-2.2,-1.8,0.5,-2.2,2.8,-3.1,-2.7,0.9,0.4,-0.6,-5.2,-3.6,-1.0,-2.8,-4.3,-0.8,-1.0,-4.0,-0.8,-3.5,-1.8,-0.7,-1.8,-0.9,-0.4,-0.5,-0.5,0.1,0.6,0.1,3.6,-1.0,-2.8,-1.1,-1.7,-3.9,0.1,-2.7,-4.0,0.0,2.2,-0.7,4.7,1.2,-1.3,-1.4,-1.9,6.0,-0.8,-2.4,-3.8,-2.8,-1.1,0.4,-2.7,0.4,0.0,-4.5,-2.2,-2.2,4.0,-1.2,11.5,-2.0,0.8,-1.1,-0.2,0.2,0.5,-2.2,-3.3,-4.3,-1.7,-2.7,7.8,-0.1,-1.0,0.1,-2.0,0.0,-2.2,-2.9,3.8,-2.1,-1.5,-2.3,-5.2,-3.2,-3.1,-4.5,-2.6,-0.8,-3.9,0.4,-0.1,4.3,2.7,1.0,2.0,7.0,-3.3,1.6,-0.6,0.9,0.4,-3.0,-2.0,1.7,3.6,0.5,0.4,-1.0,0.1,0.0,-1.0,2.7,2.7,-0.8,6.6,1.2,-0.8,0.6,-0.2,-3.5,0.5,-2.6,5.1,0.4,0.0,0.1,-3.5,-4.0,-2.7,-4.5,0.1,1.0,-0.8,-1.5,-1.9,3.1,-3.3,-2.0,1.5,-1.3,-2.8,-2.3,-3.1,-0.2,-0.5,1.5,14.2,-0.8,-4.0,-2.2,-2.0,2.0,6.6,-1.9,1.8,0.1,-1.7,1.6,-2.4,-1.4,-1.1,-3.8,4.1,0.1,-1.1,-1.6,-1.4,-3.5,0.0,-2.2,0.0,7.0,1.2,3.1,0.1,3.4,0.0,-1.1,0.7,2.5,1.5,-0.6,-1.9,-1.8,0.0,2.5,-2.2,-1.8,2.2,4.0,-2.2,-3.3,-0.8,-3.3,-1.7,0.0,-1.8,-1.0,0.9,2.8,1.2,-2.4,-1.9,-2.1,-0.1,-3.6,-1.8,-0.7,-0.7,-1.2,-2.9,1.6,0.6,-2.0,1.6,-1.1,-1.0,-2.6
GRAR740104,0.0,86.0,111.0,126.0,154.0,96.0,23.0,0.0,180.0,195.0,139.0,0.0,0.0,0.0,112.0,91.0,43.0,154.0,46.0,61.0,86.0,32.0,172.0,107.0,101.0,0.0,84.0,91.0,160.0,142.0,196.0,24.0,126.0,102.0,42.0,127.0,87.0,95.0,10.0,15.0,111.0,172.0,153.0,113.0,26.0,138.0,138.0,99.0,0.0,5.0,106.0,174.0,94.0,198.0,54.0,101.0,202.0,127.0,53.0,56.0,126.0,107.0,113.0,27.0,42.0,103.0,91.0,108.0,76.0,169.0,93.0,98.0,77.0,113.0,170.0,95.0,98.0,114.0,103.0,87.0,154.0,101.0,26.0,42.0,85.0,68.0,71.0,81.0,147.0,130.0,194.0,109.0,36.0,153.0,159.0,22.0,110.0,37.0,144.0,92.0,96.0,0.0,138.0,103.0,68.0,0.0,99.0,110.0,65.0,46.0,112.0,0.0,80.0,97.0,29.0,56.0,89.0,121.0,142.0,145.0,23.0,84.0,138.0,91.0,71.0,99.0,135.0,155.0,0.0,74.0,58.0,94.0,65.0,158.0,0.0,85.0,149.0,59.0,42.0,65.0,0.0,91.0,99.0,108.0,81.0,110.0,155.0,47.0,92.0,89.0,78.0,97.0,103.0,177.0,60.0,38.0,58.0,101.0,0.0,148.0,180.0,160.0,0.0,76.0,147.0,65.0,0.0,92.0,67.0,181.0,40.0,168.0,177.0,116.0,80.0,128.0,0.0,143.0,112.0,77.0,195.0,142.0,5.0,169.0,130.0,46.0,74.0,89.0,181.0,174.0,215.0,149.0,152.0,205.0,125.0,184.0,115.0,110.0,61.0,61.0,139.0,196.0,106.0,93.0,194.0,112.0,58.0,78.0,40.0,215.0,160.0,198.0,99.0,140.0,94.0,122.0,147.0,36.0,83.0,33.0,0.0,24.0,174.0,98.0,109.0,0.0,94.0,97.0,168.0,149.0,198.0,81.0,134.0,40.0,107.0,135.0,94.0,102.0,0.0,96.0,0.0,126.0,94.0,77.0,36.0,80.0,65.0,103.0,177.0,152.0,99.0,134.0,0.0,100.0,87.0,64.0,96.0,192.0,133.0,152.0,0.0,102.0,198.0,113.0,153.0,97.0,158.0,177.0,116.0,205.0,140.0,40.0,100.0,0.0,45.0,21.0,22.0,0.0,102.0,28.0,112.0,42.0,54.0,170.0,159.0,29.0,0.0,60.0,80.0,125.0,94.0,107.0,87.0,45.0,0.0,98.0,0.0,68.0,86.0,29.0,91.0,127.0,101.0,95.0,22.0,56.0,85.0,38.0,128.0,184.0,122.0,135.0,64.0,21.0,98.0,96.0,121.0,29.0,109.0,84.0,43.0,87.0,202.0,98.0,110.0,89.0,149.0,58.0,0.0,115.0,147.0,94.0,96.0,22.0,0.0,121.0,32.0,50.0,97.0,21.0,154.0,95.0,127.0,114.0,37.0,121.0,59.0,101.0,143.0,110.0,36.0,102.0,192.0,0.0,68.0,29.0,50.0,0.0,69.0,55.0,46.0,10.0,53.0,103.0,144.0,142.0,42.0,0.0,112.0,61.0,83.0,0.0,133.0,102.0,86.0,109.0,97.0,69.0,68.0,124.0,61.0,15.0,56.0,87.0,92.0,145.0,65.0,148.0,77.0,61.0,33.0,96.0,152.0,28.0,29.0,84.0,21.0,55.0,124.0,88.0
HENS920101,5.0,0.0,-1.0,-2.0,-3.0,-1.0,2.0,7.0,-3.0,-1.0,-2.0,7.0,12.0,6.0,-2.0,-1.0,1.0,-3.0,0.0,0.0,0.0,-1.0,-3.0,-3.0,0.0,5.0,-1.0,-1.0,-3.0,-2.0,-2.0,1.0,-2.0,-3.0,0.0,-2.0,0.0,-1.0,2.0,2.0,-1.0,-3.0,-3.0,-2.0,3.0,-2.0,-3.0,-2.0,5.0,2.0,-1.0,-3.0,0.0,-2.0,0.0,0.0,-3.0,-2.0,1.0,1.0,-2.0,-3.0,-2.0,-1.0,-2.0,-2.0,-2.0,-1.0,-1.0,-4.0,0.0,-2.0,-2.0,-2.0,-3.0,-2.0,-3.0,-3.0,-1.0,-2.0,-3.0,0.0,3.0,-2.0,-1.0,0.0,-1.0,-1.0,-3.0,-2.0,-3.0,-2.0,0.0,-3.0,-3.0,3.0,-3.0,3.0,-2.0,-1.0,-1.0,5.0,-2.0,-2.0,0.0,9.0,1.0,-1.0,0.0,1.0,-1.0,10.0,0.0,-2.0,2.0,0.0,-1.0,-1.0,-2.0,-3.0,2.0,-1.0,-3.0,-2.0,-1.0,1.0,-2.0,-2.0,4.0,-1.0,0.0,-1.0,0.0,-2.0,6.0,-1.0,-1.0,-2.0,-1.0,-1.0,7.0,-1.0,-2.0,-1.0,-1.0,-1.0,-2.0,-2.0,-1.0,-1.0,-1.0,-3.0,-1.0,-4.0,0.0,-1.0,2.0,-2.0,5.0,-2.0,-3.0,-3.0,5.0,-1.0,-3.0,0.0,4.0,-1.0,-2.0,-4.0,1.0,-4.0,-4.0,-4.0,0.0,-3.0,15.0,-2.0,-2.0,-1.0,-1.0,-2.0,2.0,-4.0,-2.0,1.0,-1.0,-1.0,-4.0,-4.0,-5.0,-2.0,-3.0,-2.0,-2.0,-2.0,-3.0,-2.0,-2.0,-2.0,-2.0,-2.0,-1.0,0.0,-3.0,-1.0,0.0,-1.0,1.0,-5.0,-2.0,-3.0,-1.0,-3.0,-1.0,-2.0,-3.0,0.0,2.0,0.0,7.0,1.0,-3.0,-2.0,-2.0,10.0,-1.0,-3.0,-4.0,-2.0,-3.0,0.0,-3.0,0.0,-1.0,-4.0,-3.0,-2.0,5.0,-1.0,12.0,-2.0,0.0,-2.0,0.0,0.0,0.0,-1.0,-4.0,-3.0,-1.0,-3.0,8.0,-2.0,-2.0,0.0,-2.0,-1.0,-3.0,-3.0,6.0,-3.0,-2.0,-2.0,-3.0,-2.0,-2.0,-4.0,-4.0,-2.0,-3.0,0.0,-2.0,6.0,2.0,0.0,1.0,8.0,-3.0,0.0,-2.0,0.0,0.0,-3.0,-3.0,2.0,6.0,0.0,0.0,-2.0,-1.0,-1.0,-2.0,2.0,6.0,-2.0,7.0,1.0,-2.0,0.0,-1.0,-2.0,0.0,-2.0,3.0,0.0,-1.0,-1.0,-3.0,-2.0,-2.0,-4.0,0.0,0.0,-2.0,-3.0,-3.0,3.0,-3.0,-3.0,1.0,0.0,-3.0,-3.0,-3.0,-1.0,-1.0,2.0,15.0,-3.0,-3.0,-3.0,-2.0,1.0,7.0,-3.0,1.0,0.0,-2.0,1.0,-3.0,-1.0,-2.0,-3.0,3.0,-1.0,-2.0,-2.0,-2.0,-2.0,0.0,-2.0,-1.0,8.0,1.0,3.0,0.0,5.0,0.0,-1.0,0.0,2.0,1.0,-1.0,-2.0,-2.0,-1.0,5.0,-2.0,-2.0,2.0,5.0,-3.0,-3.0,-2.0,-3.0,-2.0,0.0,-3.0,-1.0,0.0,2.0,1.0,-2.0,-1.0,-3.0,-1.0,-2.0,-1.0,-2.0,0.0,-1.0,-3.0,0.0,0.0,-3.0,1.0,-1.0,-1.0,-3.0
HENS920102,6.0,-1.0,-2.0,-3.0,-5.0,-2.0,2.0,9.0,-5.0,-1.0,-4.0,8.0,13.0,8.0,-2.0,-1.0,1.0,-4.0,0.0,0.0,-1.0,-1.0,-5.0,-4.0,-1.0,7.0,-1.0,-2.0,-5.0,-3.0,-2.0,1.0,-3.0,-4.0,0.0,-4.0,-2.0,-2.0,2.0,3.0,-2.0,-5.0,-5.0,-3.0,3.0,-4.0,-5.0,-4.0,6.0,2.0,-1.0,-4.0,0.0,-2.0,0.0,-1.0,-5.0,-2.0,2.0,1.0,-3.0,-4.0,-3.0,-1.0,-3.0,-3.0,-3.0,-2.0,-2.0,-4.0,-2.0,-3.0,-3.0,-3.0,-5.0,-4.0,-4.0,-5.0,-2.0,-4.0,-5.0,-1.0,3.0,-3.0,-3.0,0.0,-2.0,-1.0,-5.0,-3.0,-4.0,-4.0,-1.0,-5.0,-4.0,4.0,-4.0,3.0,-3.0,-2.0,-2.0,7.0,-4.0,-3.0,0.0,11.0,2.0,-1.0,0.0,1.0,-1.0,11.0,0.0,-4.0,3.0,0.0,-1.0,0.0,-4.0,-4.0,2.0,-1.0,-5.0,-3.0,-2.0,2.0,-2.0,-4.0,6.0,-1.0,0.0,-2.0,0.0,-4.0,7.0,-2.0,-1.0,-2.0,-1.0,-1.0,9.0,-2.0,-4.0,-2.0,-1.0,-1.0,-4.0,-3.0,-2.0,-1.0,-1.0,-4.0,-3.0,-5.0,0.0,-2.0,2.0,-4.0,7.0,-4.0,-5.0,-5.0,6.0,-2.0,-5.0,0.0,6.0,-2.0,-2.0,-6.0,1.0,-5.0,-4.0,-5.0,-1.0,-4.0,16.0,-3.0,-3.0,-3.0,-1.0,-3.0,2.0,-4.0,-3.0,1.0,-1.0,-1.0,-6.0,-6.0,-3.0,-5.0,-4.0,-4.0,-3.0,-4.0,-4.0,-4.0,-4.0,-2.0,-4.0,-2.0,-1.0,-2.0,-4.0,-1.0,0.0,-1.0,1.0,-3.0,-5.0,-2.0,-2.0,-5.0,-2.0,-3.0,-5.0,-2.0,3.0,-2.0,8.0,1.0,-4.0,-3.0,-4.0,11.0,-2.0,-4.0,-5.0,-5.0,-2.0,-2.0,-5.0,0.0,-1.0,-6.0,-5.0,-3.0,6.0,-2.0,13.0,-3.0,0.0,-3.0,-1.0,0.0,0.0,-3.0,-4.0,-4.0,-2.0,-5.0,10.0,-2.0,-3.0,0.0,-4.0,-1.0,-4.0,-5.0,8.0,-4.0,-2.0,-3.0,-5.0,-4.0,-4.0,-5.0,-5.0,-4.0,-5.0,0.0,-2.0,8.0,2.0,0.0,1.0,9.0,-5.0,0.0,-2.0,0.0,0.0,-5.0,-4.0,3.0,7.0,0.0,-1.0,-3.0,-2.0,-1.0,-3.0,2.0,8.0,-3.0,8.0,1.0,-2.0,0.0,-1.0,-4.0,-1.0,-4.0,4.0,0.0,-2.0,-2.0,-4.0,-4.0,-3.0,-6.0,0.0,0.0,-3.0,-3.0,-4.0,4.0,-5.0,-5.0,1.0,-2.0,-5.0,-4.0,-4.0,-1.0,-1.0,2.0,16.0,-4.0,-5.0,-5.0,-4.0,1.0,8.0,-4.0,1.0,-1.0,-3.0,1.0,-4.0,-2.0,-2.0,-5.0,3.0,0.0,-2.0,-4.0,-3.0,-4.0,-2.0,-3.0,-1.0,9.0,1.0,4.0,-1.0,6.0,0.0,-2.0,0.0,2.0,2.0,-2.0,-3.0,-4.0,-1.0,7.0,-3.0,-4.0,3.0,6.0,-4.0,-5.0,-2.0,-5.0,-3.0,0.0,-4.0,-2.0,0.0,3.0,1.0,-4.0,-2.0,-4.0,-1.0,-4.0,-3.0,-2.0,-2.0,-2.0,-5.0,0.0,0.0,-5.0,1.0,-2.0,-2.0,-4.0
HENS920103,7.0,-1.0,-3.0,-3.0,-7.0,-3.0,2.0,10.0,-6.0,-1.0,-5.0,9.0,13.0,9.0,-3.0,-2.0,1.0,-5.0,0.0,-1.0,-1.0,-1.0,-7.0,-4.0,-1.0,8.0,-2.0,-3.0,-6.0,-4.0,-3.0,1.0,-4.0,-5.0,-1.0,-5.0,-4.0,-3.0,2.0,3.0,-3.0,-7.0,-6.0,-4.0,3.0,-6.0,-7.0,-5.0,6.0,2.0,-1.0,-7.0,0.0,-3.0,-1.0,-2.0,-6.0,-3.0,2.0,1.0,-3.0,-4.0,-4.0,-1.0,-5.0,-3.0,-4.0,-3.0,-3.0,-6.0,-2.0,-4.0,-4.0,-4.0,-7.0,-5.0,-5.0,-6.0,-2.0,-4.0,-7.0,-1.0,3.0,-5.0,-4.0,-1.0,-2.0,-1.0,-7.0,-4.0,-5.0,-5.0,-3.0,-6.0,-6.0,4.0,-6.0,3.0,-3.0,-3.0,-3.0,8.0,-6.0,-3.0,-1.0,12.0,2.0,-2.0,-1.0,1.0,-2.0,12.0,-1.0,-5.0,3.0,-1.0,-2.0,-1.0,-4.0,-4.0,2.0,-2.0,-7.0,-4.0,-2.0,2.0,-3.0,-4.0,7.0,-2.0,0.0,-3.0,0.0,-6.0,8.0,-2.0,-2.0,-3.0,-1.0,-2.0,10.0,-3.0,-5.0,-3.0,-1.0,-2.0,-4.0,-3.0,-3.0,-2.0,-1.0,-5.0,-4.0,-6.0,0.0,-3.0,2.0,-5.0,8.0,-5.0,-6.0,-6.0,6.0,-3.0,-7.0,-1.0,7.0,-3.0,-3.0,-8.0,0.0,-7.0,-6.0,-5.0,-1.0,-5.0,16.0,-4.0,-4.0,-4.0,-1.0,-4.0,2.0,-6.0,-4.0,1.0,-2.0,-2.0,-8.0,-7.0,-5.0,-6.0,-6.0,-4.0,-4.0,-6.0,-4.0,-6.0,-5.0,-4.0,-5.0,-3.0,-1.0,-2.0,-5.0,-2.0,0.0,-1.0,0.0,-5.0,-6.0,-2.0,-3.0,-6.0,-3.0,-5.0,-6.0,-2.0,3.0,-3.0,9.0,1.0,-7.0,-4.0,-5.0,12.0,-3.0,-5.0,-7.0,-6.0,-2.0,-2.0,-6.0,0.0,-2.0,-7.0,-6.0,-4.0,7.0,-3.0,13.0,-4.0,0.0,-4.0,-3.0,-1.0,0.0,-4.0,-6.0,-6.0,-3.0,-6.0,11.0,-2.0,-4.0,-1.0,-4.0,-2.0,-5.0,-6.0,9.0,-5.0,-3.0,-4.0,-6.0,-5.0,-6.0,-6.0,-5.0,-4.0,-6.0,0.0,-2.0,9.0,2.0,-1.0,0.0,10.0,-5.0,0.0,-3.0,-1.0,-1.0,-7.0,-6.0,3.0,8.0,0.0,-1.0,-4.0,-3.0,-2.0,-4.0,2.0,9.0,-4.0,9.0,1.0,-3.0,0.0,-2.0,-5.0,-2.0,-5.0,4.0,-1.0,-2.0,-3.0,-5.0,-6.0,-5.0,-7.0,-1.0,-1.0,-4.0,-4.0,-4.0,4.0,-6.0,-5.0,1.0,-4.0,-6.0,-5.0,-6.0,-2.0,-2.0,2.0,16.0,-4.0,-6.0,-6.0,-4.0,0.0,9.0,-4.0,1.0,-2.0,-4.0,1.0,-5.0,-3.0,-3.0,-6.0,3.0,-1.0,-3.0,-5.0,-4.0,-6.0,-2.0,-4.0,-2.0,10.0,1.0,4.0,-2.0,7.0,0.0,-3.0,0.0,2.0,2.0,-2.0,-3.0,-4.0,-1.0,8.0,-4.0,-5.0,3.0,7.0,-5.0,-5.0,-3.0,-6.0,-4.0,0.0,-4.0,-3.0,-1.0,3.0,1.0,-4.0,-3.0,-4.0,-2.0,-5.0,-4.0,-4.0,-3.0,-3.0,-6.0,0.0,0.0,-5.0,1.0,-3.0,-3.0,-5.0
JOHM930101,6.0,-1.5,-1.4,-1.6,-9.7,-3.4,2.6,8.5,-5.6,-3.4,-7.6,10.0,16.1,8.0,-1.6,-0.6,2.1,-6.9,-0.8,-1.1,-1.5,0.1,-8.0,-3.4,-0.6,7.6,-1.5,-4.2,-5.9,-3.7,-4.4,1.4,-2.8,-4.7,-0.7,-5.2,-2.3,-1.9,2.6,4.4,-1.4,-8.0,-4.8,-4.4,3.2,-5.6,-7.2,-4.2,7.3,2.6,-0.9,-8.2,0.1,-8.7,-0.2,-1.5,-8.7,-3.5,1.1,1.1,-1.6,-3.4,-4.4,-1.0,-2.5,-3.6,-2.4,-1.0,-3.6,-8.9,-1.5,-3.2,-4.3,-3.2,-6.9,-5.7,-2.8,-5.0,-0.6,-9.8,-9.7,-0.6,3.2,-2.5,-3.7,-1.2,-1.4,-3.2,-7.4,-8.2,-7.7,-7.0,-1.3,-8.6,-8.2,3.4,-7.0,2.3,-3.4,-2.7,-3.4,7.6,-5.6,-3.6,-1.2,10.3,0.0,-0.6,-0.2,1.0,-7.7,12.7,-2.2,-6.0,2.4,-1.3,-2.6,-1.5,-4.7,-5.2,2.6,-1.5,-7.2,-2.4,-1.4,0.0,-4.8,-4.8,5.8,-1.0,-0.8,-2.2,0.1,-3.8,8.6,-1.8,-6.0,-3.8,-0.4,-0.5,8.5,-4.2,-4.2,-1.0,-3.2,-0.6,-4.8,-3.0,-4.6,-3.2,-0.2,-5.4,-5.0,-7.0,-0.5,-2.0,2.0,-3.8,6.8,-5.8,-5.6,-5.9,7.3,-3.6,-7.4,-0.2,5.8,-4.6,-0.9,-6.0,3.4,-4.8,-6.2,-6.4,-1.4,-9.3,15.2,-1.3,-4.0,-2.1,-3.4,-3.7,2.6,-8.9,-8.2,1.0,-1.0,-3.2,-6.0,-6.1,-9.1,-4.7,-7.6,-4.4,-2.8,-6.3,-4.0,-5.4,-3.3,-1.0,-7.6,-4.4,-0.9,-1.5,-7.7,-7.7,-0.8,-0.2,3.4,-9.1,-3.8,-7.7,-5.1,-6.4,-2.1,-3.7,-5.4,-2.4,-0.4,-2.5,10.0,1.4,-8.2,-3.2,-7.0,12.7,-2.2,-5.4,-4.8,-4.7,-7.7,-0.7,-4.8,-2.3,-0.7,-5.5,-5.1,-3.7,8.1,-3.3,16.1,-2.8,0.1,-4.3,-1.3,-2.2,0.1,-5.0,-6.2,-7.6,-5.1,-4.8,10.5,-1.7,-2.8,-0.5,-4.9,-4.8,-5.7,-5.2,8.0,-4.7,-8.7,-3.2,-8.6,-6.0,-3.8,-7.0,-6.4,-4.4,-6.4,-2.3,-1.7,11.2,2.4,0.5,1.8,10.4,-5.6,-0.6,-1.6,-0.7,-0.2,-6.9,-8.2,2.4,8.6,-0.5,-1.4,-2.8,-2.1,-0.7,-2.8,2.4,9.0,-2.5,8.0,1.7,-3.1,0.1,-0.6,-5.2,-1.5,-5.7,3.4,-1.3,-1.8,-2.0,-9.3,-6.3,-3.7,-5.5,-0.5,0.5,-2.5,-3.6,-4.2,3.9,-5.6,-3.9,2.1,-2.3,-8.7,-2.8,-7.0,-2.6,-6.0,2.0,15.2,-4.0,-5.4,-5.1,-4.9,1.8,8.0,-4.2,1.8,-1.3,-3.7,0.7,-6.9,-1.9,-3.5,-5.0,2.3,-1.5,-3.8,-3.8,-1.3,-5.4,-2.4,-3.7,-4.8,10.4,1.7,3.9,-1.3,7.0,-1.9,-1.8,-0.8,2.6,1.1,-0.6,-3.4,-4.7,-0.4,6.8,-4.0,-3.3,-0.4,8.1,-5.7,-5.6,-3.1,-5.6,-3.7,-1.9,-5.2,-4.3,-1.1,4.4,1.1,-9.8,-2.7,-5.2,-0.5,-5.8,-2.1,-1.0,-2.5,-3.3,-5.2,-0.6,0.1,-3.9,0.7,-1.8,-4.3,-4.9
JOND920103,2.0,0.0,0.0,0.0,-3.0,-1.0,2.0,5.0,-1.0,-1.0,-1.0,5.0,11.0,3.0,-1.0,-1.0,2.0,-3.0,0.0,1.0,0.0,1.0,-4.0,-3.0,-2.0,5.0,-1.0,-2.0,-3.0,-2.0,-2.0,2.0,-3.0,-3.0,1.0,-3.0,-2.0,-2.0,3.0,3.0,0.0,-4.0,-3.0,-2.0,4.0,-4.0,-4.0,-2.0,5.0,2.0,-1.0,0.0,1.0,-3.0,0.0,0.0,-3.0,-1.0,2.0,1.0,0.0,-3.0,-2.0,1.0,-1.0,-1.0,-1.0,-2.0,0.0,-2.0,-2.0,-2.0,0.0,-3.0,-4.0,-2.0,0.0,-3.0,-2.0,-2.0,-3.0,-2.0,4.0,-1.0,-3.0,-1.0,-1.0,0.0,-4.0,-3.0,2.0,-3.0,-2.0,-5.0,-1.0,5.0,-3.0,0.0,-1.0,-3.0,-1.0,5.0,-4.0,-1.0,-1.0,6.0,1.0,-1.0,0.0,1.0,1.0,6.0,-1.0,-4.0,2.0,1.0,-1.0,-1.0,-1.0,-2.0,2.0,-1.0,-4.0,-1.0,-1.0,1.0,-1.0,-2.0,2.0,1.0,2.0,0.0,1.0,-3.0,5.0,-1.0,-1.0,-1.0,-1.0,-1.0,5.0,-2.0,-2.0,-2.0,0.0,-1.0,-2.0,-1.0,-1.0,1.0,-1.0,-3.0,-2.0,-5.0,1.0,1.0,1.0,0.0,2.0,-4.0,-1.0,-3.0,5.0,0.0,-4.0,0.0,2.0,-1.0,-3.0,-5.0,-1.0,-3.0,-3.0,-4.0,0.0,-4.0,15.0,-1.0,-3.0,-2.0,-1.0,-2.0,2.0,-2.0,-3.0,1.0,1.0,1.0,-5.0,-5.0,1.0,-2.0,-5.0,0.0,0.0,-2.0,-3.0,-3.0,-4.0,-2.0,-1.0,-2.0,-1.0,-2.0,2.0,1.0,2.0,-1.0,-1.0,1.0,-2.0,-2.0,-2.0,-5.0,1.0,-4.0,-4.0,-1.0,4.0,-2.0,5.0,2.0,0.0,-2.0,-3.0,6.0,0.0,-3.0,-3.0,-2.0,-2.0,0.0,-3.0,0.0,-1.0,-3.0,-3.0,-3.0,4.0,-1.0,11.0,-3.0,1.0,0.0,-2.0,-1.0,1.0,-2.0,-3.0,-5.0,-2.0,-3.0,9.0,0.0,-1.0,1.0,-3.0,-2.0,-2.0,-2.0,3.0,-3.0,-3.0,-3.0,-5.0,-4.0,-3.0,-5.0,-4.0,0.0,-5.0,0.0,0.0,6.0,4.0,0.0,2.0,8.0,-5.0,0.0,-1.0,1.0,0.0,-4.0,-1.0,2.0,5.0,1.0,0.0,0.0,1.0,-1.0,-1.0,4.0,5.0,0.0,5.0,1.0,-2.0,2.0,-1.0,-3.0,0.0,-2.0,5.0,1.0,-1.0,1.0,-4.0,-2.0,-4.0,-3.0,1.0,0.0,0.0,-3.0,-2.0,4.0,-2.0,-3.0,2.0,-2.0,-3.0,0.0,-3.0,-1.0,-1.0,1.0,15.0,-3.0,-4.0,-3.0,-3.0,2.0,5.0,-2.0,2.0,0.0,-3.0,2.0,-3.0,-2.0,-1.0,-3.0,0.0,-1.0,-1.0,0.0,-1.0,-3.0,-1.0,-3.0,-2.0,8.0,1.0,4.0,0.0,4.0,0.0,-3.0,0.0,3.0,2.0,-2.0,-1.0,-1.0,-1.0,2.0,-3.0,-4.0,4.0,4.0,-2.0,-5.0,-2.0,-2.0,-3.0,0.0,-1.0,-1.0,1.0,3.0,1.0,-2.0,-3.0,-2.0,-1.0,-4.0,-2.0,-2.0,-2.0,-1.0,-2.0,0.0,2.0,-3.0,2.0,-3.0,-1.0,-3.0
JOND940101,2.0,2.0,-1.0,0.0,-3.0,1.0,6.0,12.0,-1.0,0.0,-1.0,7.0,6.0,11.0,-1.0,-2.0,6.0,-3.0,3.0,2.0,2.0,4.0,-5.0,-4.0,-2.0,12.0,-1.0,0.0,-3.0,-2.0,-1.0,7.0,-3.0,-4.0,1.0,-3.0,-3.0,-1.0,1.0,1.0,-1.0,-5.0,-4.0,-2.0,9.0,-5.0,-4.0,-4.0,3.0,1.0,-2.0,-1.0,5.0,-1.0,2.0,3.0,-3.0,-1.0,6.0,1.0,0.0,-4.0,-2.0,0.0,-2.0,-3.0,-2.0,-2.0,0.0,-4.0,-3.0,-3.0,-4.0,-2.0,-3.0,-3.0,-1.0,-4.0,-4.0,-3.0,-3.0,-2.0,9.0,-2.0,1.0,-1.0,-1.0,0.0,-6.0,0.0,3.0,-4.0,-3.0,-4.0,-1.0,2.0,-5.0,-2.0,0.0,-3.0,1.0,12.0,-5.0,-3.0,-1.0,11.0,2.0,-1.0,0.0,2.0,1.0,11.0,0.0,-4.0,7.0,1.0,-2.0,-1.0,-1.0,-2.0,6.0,-1.0,-4.0,-2.0,-1.0,2.0,-2.0,-1.0,3.0,-1.0,1.0,0.0,1.0,-4.0,13.0,0.0,0.0,0.0,-2.0,-1.0,12.0,0.0,-4.0,-2.0,0.0,-1.0,-1.0,-2.0,-1.0,0.0,-2.0,-3.0,-2.0,-6.0,1.0,-1.0,2.0,5.0,3.0,-4.0,-1.0,-3.0,3.0,0.0,-6.0,0.0,3.0,-1.0,-2.0,-4.0,-3.0,-3.0,-3.0,-4.0,-2.0,-4.0,12.0,-1.0,-3.0,-1.0,0.0,-2.0,1.0,-4.0,0.0,2.0,-1.0,0.0,-4.0,-3.0,1.0,-3.0,-3.0,1.0,0.0,-2.0,-1.0,3.0,-3.0,-2.0,-1.0,-1.0,-2.0,-3.0,3.0,1.0,1.0,-2.0,-3.0,1.0,-2.0,-1.0,0.0,-6.0,3.0,-5.0,-5.0,-3.0,6.0,-4.0,7.0,7.0,-1.0,-3.0,-4.0,11.0,0.0,-3.0,-3.0,-3.0,-1.0,3.0,-4.0,2.0,0.0,-2.0,-4.0,-3.0,2.0,-2.0,6.0,-3.0,5.0,-4.0,-3.0,0.0,1.0,-2.0,-3.0,-3.0,0.0,-4.0,10.0,-3.0,-1.0,0.0,-2.0,0.0,-3.0,-3.0,11.0,-4.0,-1.0,-2.0,-4.0,-4.0,-4.0,-6.0,-4.0,1.0,-6.0,2.0,-3.0,3.0,8.0,-1.0,1.0,5.0,-5.0,0.0,-1.0,1.0,2.0,-3.0,-1.0,7.0,13.0,1.0,-2.0,0.0,3.0,0.0,-1.0,8.0,11.0,3.0,6.0,3.0,-3.0,5.0,-2.0,-3.0,3.0,-3.0,2.0,1.0,0.0,-1.0,-4.0,-2.0,-5.0,-2.0,0.0,-1.0,3.0,-4.0,-2.0,2.0,-1.0,-4.0,6.0,-3.0,-3.0,-1.0,-5.0,-2.0,0.0,2.0,12.0,-1.0,-5.0,-4.0,-2.0,1.0,6.0,-2.0,0.0,-1.0,-4.0,1.0,-3.0,-1.0,-1.0,-4.0,-2.0,-1.0,0.0,5.0,-1.0,3.0,-3.0,-3.0,0.0,5.0,3.0,2.0,-1.0,2.0,0.0,-4.0,3.0,1.0,6.0,-4.0,0.0,-1.0,-2.0,3.0,-3.0,-3.0,6.0,2.0,-3.0,-5.0,-3.0,-1.0,-4.0,0.0,-3.0,-1.0,2.0,1.0,1.0,-3.0,-3.0,-2.0,-1.0,-4.0,-1.0,-2.0,-4.0,-2.0,-3.0,0.0,5.0,-4.0,1.0,-4.0,-1.0,-2.0
KOLA920101,10.0,0.0,0.0,0.0,0.0,0.0,9.0,10.0,0.0,0.0,0.0,10.0,10.0,10.0,6.6,6.6,9.0,0.0,0.0,0.0,0.0,0.0,0.0,9.0,5.0,10.0,5.0,9.0,0.0,0.0,0.0,5.0,0.0,0.0,0.0,0.0,0.0,5.0,0.0,6.6,0.0,0.0,0.0,9.0,9.0,5.0,0.0,0.0,10.0,0.0,6.6,9.0,0.0,0.0,6.6,5.0,0.0,0.0,9.0,9.0,0.0,9.0,9.0,0.0,0.0,0.0,0.0,0.0,0.0,0.0,0.0,0.0,0.0,0.0,0.0,0.0,0.0,0.0,0.0,0.0,0.0,5.0,9.0,0.0,0.0,0.0,5.0,0.0,0.0,5.0,5.0,0.0,0.0,0.0,0.0,9.0,0.0,5.0,6.6,9.0,0.0,10.0,5.0,0.0,0.0,10.0,0.0,5.0,6.6,6.6,9.0,10.0,0.0,9.0,6.6,0.0,9.0,5.0,0.0,0.0,9.0,5.0,0.0,0.0,5.0,0.0,0.0,5.0,10.0,0.0,0.0,0.0,0.0,0.0,10.0,0.0,6.6,0.0,5.0,0.0,10.0,9.0,0.0,0.0,0.0,5.0,5.0,5.0,0.0,0.0,5.0,0.0,5.0,0.0,0.0,0.0,6.6,6.6,10.0,0.0,0.0,0.0,10.0,0.0,0.0,6.6,10.0,0.0,6.6,0.0,9.0,0.0,5.0,6.6,0.0,5.0,10.0,0.0,0.0,5.0,0.0,0.0,0.0,0.0,5.0,6.6,0.0,0.0,0.0,0.0,5.0,0.0,0.0,5.0,0.0,0.0,5.0,0.0,0.0,5.0,0.0,0.0,6.6,0.0,5.0,9.0,0.0,5.0,9.0,5.0,0.0,0.0,5.0,0.0,0.0,0.0,0.0,0.0,6.6,0.0,10.0,5.0,9.0,0.0,0.0,10.0,0.0,0.0,0.0,0.0,0.0,6.6,0.0,0.0,9.0,0.0,0.0,6.6,10.0,5.0,10.0,0.0,0.0,0.0,0.0,0.0,0.0,5.0,5.0,0.0,5.0,0.0,10.0,5.0,0.0,0.0,0.0,0.0,0.0,0.0,10.0,0.0,0.0,0.0,0.0,9.0,0.0,0.0,6.6,5.0,0.0,0.0,5.0,10.0,0.0,0.0,5.0,10.0,5.0,6.6,6.6,0.0,6.6,0.0,0.0,6.6,10.0,0.0,0.0,0.0,0.0,9.0,0.0,0.0,10.0,0.0,10.0,5.0,0.0,5.0,6.6,0.0,5.0,0.0,9.0,0.0,0.0,0.0,5.0,0.0,0.0,0.0,0.0,0.0,0.0,0.0,0.0,9.0,0.0,0.0,9.0,0.0,0.0,0.0,0.0,9.0,6.6,6.6,10.0,5.0,0.0,0.0,0.0,5.0,10.0,0.0,0.0,0.0,0.0,0.0,0.0,5.0,0.0,0.0,5.0,5.0,0.0,6.6,0.0,0.0,0.0,6.6,0.0,10.0,5.0,9.0,0.0,10.0,0.0,0.0,0.0,0.0,9.0,0.0,6.6,0.0,5.0,10.0,0.0,0.0,6.6,10.0,0.0,5.0,0.0,0.0,0.0,0.0,0.0,0.0,0.0,6.6,9.0,0.0,9.0,0.0,0.0,0.0,5.0,5.0,0.0,5.0,0.0,6.6,5.0,0.0,0.0,0.0,0.0,0.0
LEVJ860101,2.0,0.0,0.0,0.0,0.0,0.0,1.0,2.0,0.0,0.0,0.0,2.0,2.0,3.0,0.0,0.0,0.0,0.0,1.0,0.0,0.0,0.0,-1.0,-1.0,-1.0,2.0,0.0,-1.0,-1.0,-1.0,0.0,0.0,-1.0,-1.0,0.0,-1.0,-1.0,-1.0,0.0,2.0,0.0,-1.0,-1.0,-1.0,1.0,-1.0,-1.0,-1.0,2.0,0.0,0.0,0.0,1.0,0.0,0.0,0.0,0.0,0.0,0.0,0.0,0.0,-1.0,-1.0,-1.0,0.0,0.0,0.0,0.0,0.0,0.0,-1.0,0.0,0.0,-1.0,0.0,-1.0,-1.0,-1.0,0.0,-1.0,0.0,-1.0,1.0,0.0,-1.0,0.0,0.0,0.0,-1.0,-1.0,-1.0,-1.0,0.0,-1.0,0.0,1.0,-1.0,0.0,-1.0,-1.0,0.0,2.0,-1.0,0.0,0.0,3.0,1.0,0.0,0.0,0.0,0.0,2.0,0.0,-1.0,1.0,0.0,0.0,0.0,-1.0,-1.0,1.0,0.0,-1.0,0.0,0.0,1.0,-1.0,-1.0,2.0,0.0,0.0,0.0,0.0,-1.0,2.0,0.0,0.0,0.0,0.0,0.0,2.0,-1.0,-1.0,0.0,0.0,0.0,-1.0,0.0,0.0,0.0,0.0,-1.0,-1.0,-1.0,0.0,0.0,0.0,0.0,2.0,-1.0,0.0,-1.0,2.0,0.0,-1.0,0.0,2.0,0.0,0.0,-1.0,0.0,-1.0,-1.0,-1.0,0.0,-1.0,2.0,-1.0,-1.0,-1.0,0.0,-1.0,0.0,0.0,-1.0,0.0,0.0,0.0,-1.0,-1.0,-1.0,-1.0,-1.0,-1.0,0.0,-1.0,-1.0,-1.0,0.0,0.0,0.0,0.0,0.0,-1.0,-1.0,0.0,0.0,0.0,0.0,-1.0,-1.0,0.0,-1.0,-1.0,0.0,-1.0,-1.0,0.0,0.0,0.0,2.0,0.0,0.0,0.0,-1.0,2.0,0.0,-1.0,-1.0,-1.0,0.0,0.0,-1.0,0.0,1.0,-1.0,-1.0,-1.0,2.0,0.0,2.0,-1.0,1.0,0.0,0.0,0.0,0.0,-1.0,-1.0,-1.0,-1.0,-1.0,2.0,-1.0,0.0,0.0,-1.0,0.0,-1.0,-1.0,3.0,-1.0,0.0,-1.0,-1.0,-1.0,-1.0,-1.0,-1.0,-1.0,-1.0,0.0,-1.0,2.0,1.0,1.0,0.0,2.0,-1.0,0.0,0.0,0.0,0.0,0.0,0.0,1.0,2.0,0.0,0.0,0.0,0.0,1.0,0.0,1.0,2.0,0.0,2.0,0.0,0.0,0.0,0.0,-1.0,0.0,-1.0,1.0,0.0,0.0,0.0,-1.0,-1.0,-1.0,-1.0,0.0,1.0,0.0,-1.0,-1.0,1.0,-1.0,-1.0,0.0,-1.0,0.0,-1.0,-1.0,0.0,0.0,0.0,2.0,-1.0,-1.0,-1.0,-1.0,0.0,2.0,-1.0,1.0,0.0,-1.0,0.0,0.0,-1.0,0.0,-1.0,0.0,0.0,0.0,0.0,-1.0,-1.0,0.0,-1.0,0.0,2.0,0.0,1.0,0.0,2.0,0.0,0.0,1.0,0.0,0.0,0.0,-1.0,-1.0,0.0,2.0,-1.0,0.0,0.0,2.0,-1.0,-1.0,0.0,-1.0,-1.0,0.0,-1.0,-1.0,0.0,2.0,0.0,-1.0,-1.0,-1.0,0.0,-1.0,-1.0,0.0,0.0,0.0,-1.0,0.0,0.0,-1.0,0.0,0.0,-1.0,0.0
