,"A,A","A,C","A,D","A,E","A,F","A,G","A,H","A,I","A,K","A,L","A,M","A,N","A,P","A,Q","A,R","A,S","A,T","A,V","A,W","A,Y","C,A","C,C","C,D","C,E","C,F","C,G","C,H","C,I","C,K","C,L","C,M","C,N","C,P","C,Q","C,R","C,S","C,T","C,V","C,W","C,Y","D,A","D,C","D,D","D,E","D,F","D,G","D,H","D,I","D,K","D,L","D,M","D,N","D,P","D,Q","D,R","D,S","D,T","D,V","D,W","D,Y","E,A","E,C","E,D","E,E","E,F","E,G","E,H","E,I","E,K","E,L","E,M","E,N","E,P","E,Q","E,R","E,S","E,T","E,V","E,W","E,Y","F,A","F,C","F,D","F,E","F,F","F,G","F,H","F,I","F,K","F,L","F,M","F,N","F,P","F,Q","F,R","F,S","F,T","F,V","F,W","F,Y","G,A","G,C","G,D","G,E","G,F","G,G","G,H","G,I","G,K","G,L","G,M","G,N","G,P","G,Q","G,R","G,S","G,T","G,V","G,W","G,Y","H,A","H,C","H,D","H,E","H,F","H,G","H,H","H,I","H,K","H,L","H,M","H,N","H,P","H,Q","H,R","H,S","H,T","H,V","H,W","H,Y","I,A","I,C","I,D","I,E","I,F","I,G","I,H","I,I","I,K","I,L","I,M","I,N","I,P","I,Q","I,R","I,S","I,T","I,V","I,W","I,Y","K,A","K,C","K,D","K,E","K,F","K,G","K,H","K,I","K,K","K,L","K,M","K,N","K,P","K,Q","K,R","K,S","K,T","K,V","K,W","K,Y","L,A","L,C","L,D","L,E","L,F","L,G","L,H","L,I","L,K","L,L","L,M","L,N","L,P","L,Q","L,R","L,S","L,T","L,V","L,W","L,Y","M,A","M,C","M,D","M,E","M,F","M,G","M,H","M,I","M,K","M,L","M,M","M,N","M,P","M,Q","M,R","M,S","M,T","M,V","M,W","M,Y","N,A","N,C","N,D","N,E","N,F","N,G","N,H","N,I","N,K","N,L","N,M","N,N","N,P","N,Q","N,R","N,S","N,T","N,V","N,W","N,Y","P,A","P,C","P,D","P,E","P,F","P,G","P,H","P,I","P,K","P,L","P,M","P,N","P,P","P,Q","P,R","P,S","P,T","P,V","P,W","P,Y","Q,A","Q,C","Q,D","Q,E","Q,F","Q,G","Q,H","Q,I","Q,K","Q,L","Q,M","Q,N","Q,P","Q,Q","Q,R","Q,S","Q,T","Q,V","Q,W","Q,Y","R,A","R,C","R,D","R,E","R,F","R,G","R,H","R,I","R,K","R,L","R,M","R,N","R,P","R,Q","R,R","R,S","R,T","R,V","R,W","R,Y","S,A","S,C","S,D","S,E","S,F","S,G","S,H","S,I","S,K","S,L","S,M","S,N","S,P","S,Q","S,R","S,S","S,T","S,V","S,W","S,Y","T,A","T,C","T,D","T,E","T,F","T,G","T,H","T,I","T,K","T,L","T,M","T,N","T,P","T,Q","T,R","T,S","T,T","T,V","T,W","T,Y","V,A","V,C","V,D","V,E","V,F","V,G","V,H","V,I","V,K","V,L","V,M","V,N","V,P","V,Q","V,R","V,S","V,T","V,V","V,W","V,Y","W,A","W,C","W,D","W,E","W,F","W,G","W,H","W,I","W,K","W,L","W,M","W,N","W,P","W,Q","W,R","W,S","W,T","W,V","W,W","W,Y","Y,A","Y,C","Y,D","Y,E","Y,F","Y,G","Y,H","Y,I","Y,K","Y,L","Y,M","Y,N","Y,P","Y,Q","Y,R","Y,S","Y,T","Y,V","Y,W","Y,Y"
TANS760101,-2.6,-4.1,-3.1,-2.8,-4.2,-3.9,-3.1,-2.7,-5.3,-4.2,-4.9,-4.3,-7.1,-3.2,-3.4,-3.5,-4.5,-5.0,-3.8,-3.2,-4.1,-4.1,-4.3,-4.6,-3.5,-2.7,-4.6,-5.0,-4.3,-4.2,-6.2,-4.7,-4.6,-5.6,-3.4,-5.1,-5.4,-4.7,-7.4,-6.3,-3.1,-4.3,-4.6,-5.0,-3.6,-4.6,-5.2,-5.6,-6.0,-7.5,-3.1,-5.6,-3.3,-6.2,-4.2,-3.2,-4.4,-3.8,-3.7,-3.8,-2.8,-4.6,-5.0,-3.4,-4.2,-4.2,-3.6,-3.3,-4.0,-5.3,-3.5,-4.7,-4.5,-5.1,-4.4,-6.0,-4.8,-5.2,-3.6,-5.1,-4.2,-3.5,-3.6,-4.2,-4.9,-3.6,-4.0,-4.6,-5.6,-5.8,-6.6,-5.9,-6.1,-5.6,-5.4,-6.6,-5.2,-6.8,-4.7,-4.9,-3.9,-2.7,-4.6,-4.2,-3.6,-3.5,-2.9,-3.8,-2.7,-3.1,-4.6,-4.9,-3.2,-5.8,-3.6,-3.8,-4.3,-3.0,-5.5,-4.4,-3.1,-4.6,-5.2,-3.6,-4.0,-2.9,-4.1,-4.7,-2.5,-3.4,-3.3,-5.9,-3.5,-5.0,-2.8,-3.1,-4.8,-4.1,-3.7,-3.3,-2.7,-5.0,-5.6,-3.3,-4.6,-3.8,-4.7,-4.5,-4.8,-5.9,-3.3,-6.2,-5.1,-4.9,-3.8,-3.6,-3.3,-5.8,-3.1,-5.2,-5.3,-4.3,-6.0,-4.0,-5.6,-2.7,-2.5,-4.8,-6.9,-5.1,-7.4,-5.4,-5.0,-5.3,-4.0,-5.1,-6.8,-5.0,-4.7,-5.6,-4.2,-4.2,-7.5,-5.3,-5.8,-3.1,-3.4,-5.9,-5.1,-5.3,-6.9,-5.8,-5.2,-6.8,-4.5,-5.8,-6.5,-5.0,-7.8,-6.8,-4.9,-6.2,-3.1,-3.5,-6.6,-4.6,-3.3,-3.3,-7.4,-6.9,-4.7,-7.3,-5.2,-5.0,-3.7,-4.9,-5.4,-6.2,-6.1,-7.4,-4.3,-4.7,-5.6,-4.7,-5.9,-4.9,-5.9,-6.2,-5.4,-5.8,-7.3,-4.3,-5.7,-4.5,-3.0,-6.3,-6.6,-5.1,-8.2,-4.8,-7.1,-4.6,-3.3,-4.5,-6.1,-3.2,-3.5,-5.1,-5.0,-5.2,-5.2,-5.7,-6.0,-6.4,-4.4,-4.3,-4.9,-6.0,-4.3,-4.0,-3.2,-5.6,-6.2,-5.1,-5.6,-5.8,-5.0,-4.9,-5.3,-6.8,-5.0,-4.5,-6.4,-5.8,-3.3,-8.0,-7.0,-7.1,-4.9,-6.6,-3.4,-3.4,-4.2,-4.4,-5.4,-3.6,-2.8,-3.8,-4.0,-4.5,-3.7,-3.0,-4.4,-3.3,-3.4,-3.8,-3.9,-4.4,-4.0,-4.9,-3.5,-5.1,-3.2,-6.0,-6.6,-3.8,-3.1,-3.6,-5.1,-5.8,-4.9,-6.3,-4.3,-8.0,-3.8,-4.7,-4.2,-7.3,-5.1,-5.3,-4.5,-5.4,-4.4,-4.8,-5.2,-4.3,-4.8,-3.3,-6.8,-6.5,-5.4,-6.6,-4.9,-7.0,-3.9,-4.2,-6.2,-6.5,-4.2,-6.0,-5.0,-4.7,-3.8,-5.2,-6.8,-3.0,-4.1,-5.8,-5.0,-5.0,-6.2,-5.1,-6.0,-7.1,-4.4,-7.3,-6.5,-5.5,-4.4,-5.9,-3.8,-7.4,-3.7,-3.6,-4.7,-5.5,-3.7,-3.1,-4.7,-7.8,-6.1,-8.2,-4.3,-4.9,-4.0,-5.1,-4.2,-4.4,-4.7,-4.2,-3.2,-6.3,-3.8,-5.1,-4.9,-4.4,-3.3,-5.2,-5.6,-6.8,-7.4,-4.8,-4.0,-6.6,-4.9,-5.3,-6.0,-5.9,-4.2,-6.5
TANS760102,36.0,34.0,39.0,36.0,10.0,35.0,31.0,24.0,13.0,15.0,21.0,14.0,48.0,22.0,20.0,34.0,29.0,13.0,30.0,17.0,34.0,21.0,60.0,86.0,1.0,20.0,26.0,9.0,13.0,7.0,11.0,17.0,12.0,53.0,27.0,32.0,7.0,21.0,44.0,58.0,39.0,60.0,63.0,53.0,20.0,53.0,155.0,49.0,167.0,230.0,55.0,11.0,39.0,49.0,34.0,54.0,14.0,92.0,32.0,70.0,36.0,86.0,53.0,33.0,62.0,20.0,22.0,23.0,23.0,24.0,17.0,40.0,15.0,62.0,9.0,41.0,46.0,19.0,34.0,16.0,10.0,1.0,20.0,62.0,64.0,44.0,36.0,16.0,19.0,22.0,43.0,29.0,19.0,67.0,53.0,45.0,42.0,32.0,71.0,53.0,35.0,20.0,53.0,20.0,44.0,11.0,64.0,44.0,37.0,42.0,28.0,8.0,41.0,32.0,19.0,145.0,43.0,51.0,65.0,93.0,31.0,26.0,155.0,22.0,36.0,64.0,14.0,36.0,34.0,38.0,70.0,119.0,46.0,27.0,9.0,38.0,22.0,116.0,28.0,28.0,24.0,9.0,49.0,23.0,16.0,44.0,36.0,36.0,110.0,67.0,50.0,33.0,39.0,32.0,115.0,32.0,69.0,15.0,29.0,38.0,13.0,13.0,167.0,23.0,19.0,37.0,34.0,110.0,17.0,24.0,41.0,43.0,31.0,21.0,80.0,20.0,7.0,50.0,65.0,45.0,15.0,7.0,230.0,24.0,22.0,42.0,38.0,67.0,24.0,21.0,17.0,51.0,15.0,32.0,58.0,52.0,23.0,20.0,40.0,68.0,21.0,11.0,55.0,17.0,43.0,28.0,70.0,50.0,41.0,17.0,52.0,33.0,32.0,22.0,83.0,40.0,103.0,105.0,44.0,81.0,14.0,17.0,11.0,40.0,29.0,8.0,119.0,33.0,43.0,51.0,33.0,32.0,35.0,24.0,27.0,109.0,27.0,47.0,81.0,174.0,48.0,12.0,39.0,15.0,19.0,41.0,46.0,39.0,31.0,15.0,32.0,35.0,33.0,38.0,75.0,101.0,44.0,53.0,50.0,53.0,22.0,53.0,49.0,62.0,67.0,32.0,27.0,32.0,21.0,32.0,22.0,24.0,38.0,6.0,38.0,103.0,175.0,53.0,32.0,20.0,20.0,27.0,34.0,9.0,53.0,19.0,9.0,115.0,80.0,58.0,83.0,27.0,75.0,38.0,7.0,54.0,75.0,25.0,25.0,17.0,34.0,32.0,54.0,41.0,45.0,145.0,38.0,32.0,20.0,52.0,40.0,109.0,101.0,103.0,54.0,46.0,39.0,216.0,183.0,42.0,29.0,7.0,14.0,46.0,42.0,43.0,22.0,69.0,7.0,23.0,103.0,27.0,44.0,175.0,75.0,39.0,306.0,114.0,67.0,52.0,13.0,21.0,92.0,19.0,32.0,51.0,116.0,15.0,50.0,20.0,105.0,47.0,53.0,53.0,25.0,216.0,114.0,152.0,79.0,85.0,30.0,44.0,32.0,34.0,71.0,65.0,28.0,29.0,65.0,40.0,44.0,81.0,50.0,32.0,25.0,183.0,67.0,79.0,58.0,106.0,17.0,58.0,70.0,16.0,53.0,93.0,28.0,38.0,45.0,68.0,81.0,174.0,53.0,20.0,17.0,42.0,52.0,85.0,106.0,62.0
ROBB790102,-0.268,1.153,0.01,0.926,10.31,5.172,1.921,6.271,5.014,-0.18,0.245,3.717,-20.0,0.13,0.529,0.017,1.212,0.296,0.149,2.021,1.153,3.084,8.76,7.538,-0.173,4.533,-0.525,6.049,14.958,-0.202,-0.437,0.112,12.775,3.368,1.835,,-0.443,11.998,-1.156,-1.121,0.01,8.76,-0.542,-0.513,4.514,7.54,,-0.784,-1.461,-1.496,0.92,-0.099,1.808,-0.777,4.911,5.256,8.223,,1.91,5.139,0.926,7.538,-0.513,-1.47,,0.099,-1.148,0.322,-1.118,-1.382,0.449,,-1.389,-0.961,9.05,-2.101,-2.066,-2.162,0.817,-1.726,10.31,-0.173,4.514,,7.042,0.153,1.054,-0.433,-2.254,-0.7,-0.811,-0.547,-1.155,,,-1.591,-2.101,-1.683,-0.476,-0.807,5.172,4.533,7.54,0.099,0.153,-2.672,0.022,1.048,1.66,0.134,0.376,-0.106,1.603,0.394,1.926,,0.133,1.554,-0.476,-0.441,1.921,-0.525,,-1.148,1.054,0.022,-0.101,-0.537,0.128,-1.047,-0.177,-0.899,0.053,-0.638,5.832,1.89,-0.089,,0.067,1.792,6.271,6.049,-0.784,0.322,-0.433,1.048,-0.537,-0.096,-0.773,-0.808,1.786,1.278,-0.869,1.098,,-1.379,0.072,2.069,-0.085,-1.052,5.014,14.958,-1.461,-1.118,-2.254,1.66,0.128,-0.773,-1.308,7.299,-1.744,3.643,-0.629,-0.609,,-0.961,-1.836,-0.577,-0.899,2.657,-0.18,-0.202,-1.496,-1.382,-0.7,0.134,-1.047,-0.808,7.299,-0.73,-0.964,-0.577,6.288,-0.873,,,-0.971,6.663,-1.683,-1.649,0.245,-0.437,0.92,0.449,-0.811,0.376,-0.177,1.786,-1.744,-0.964,8.069,-0.811,-0.547,1.021,,6.961,,-1.495,-0.818,-1.53,3.717,0.112,-0.099,,-0.547,-0.106,-0.899,1.278,3.643,-0.577,-0.811,3.336,3.248,3.09,0.902,,-0.818,2.952,-1.53,-0.865,-20.0,12.775,1.808,-1.389,-1.155,1.603,0.053,-0.869,-0.629,6.288,-0.547,3.248,-1.53,-0.879,,-0.617,0.944,-0.529,-0.295,2.1,0.13,3.368,-0.777,-0.961,,0.394,-0.638,1.098,-0.609,-0.873,1.021,3.09,-0.879,-0.781,6.052,-1.592,-1.557,-1.653,1.135,-1.217,0.529,1.835,4.911,9.05,,1.926,5.832,,,,,0.902,,6.052,0.169,,,0.088,-0.187,1.759,0.017,,5.256,-2.101,-1.591,,1.89,-1.379,-0.961,,6.961,,-0.617,-1.592,,-0.265,1.944,-1.248,,-0.536,1.212,-0.443,8.223,-2.066,-2.101,0.133,-0.089,0.072,-1.836,-0.971,,-0.818,0.944,-1.557,,1.944,-1.214,-1.31,2.0,-0.874,0.296,11.998,,-2.162,-1.683,1.554,,2.069,-0.577,6.663,-1.495,2.952,-0.529,-1.653,0.088,-1.248,-1.31,-0.966,-0.526,-1.248,0.149,-1.156,1.91,0.817,-0.476,-0.476,0.067,-0.085,-0.899,-1.683,-0.818,-1.53,-0.295,1.135,-0.187,,2.0,-0.526,-1.819,-0.194,2.021,-1.121,5.139,-1.726,-0.807,-0.441,1.792,-1.052,2.657,-1.649,-1.53,-0.865,2.1,-1.217,1.759,-0.536,-0.874,-1.248,-0.194,-1.401
BRYS930101,0.23,-0.303,0.159,0.14,-0.137,-0.527,-0.534,0.539,0.174,0.159,0.105,-0.145,-0.524,-0.206,0.237,-0.008,0.222,0.487,-0.187,-0.128,-0.303,-0.235,0.316,-0.015,0.013,0.567,-0.364,0.509,0.097,0.405,-0.032,0.247,0.188,-0.058,-0.262,0.084,0.293,0.347,-0.103,-0.253,0.159,0.316,0.43,0.391,0.734,0.48,-0.004,0.029,-0.07,-0.223,0.063,-0.187,0.222,-0.061,-0.717,-0.759,1.115,0.065,-0.181,-0.782,0.14,-0.015,0.391,0.022,0.127,-0.176,0.109,0.175,-0.545,-0.199,-0.064,0.127,0.037,0.132,0.121,0.382,-0.17,-0.083,0.068,-0.104,-0.137,0.013,0.734,0.127,-0.294,0.298,0.25,0.087,-0.312,0.459,0.069,0.02,-0.218,0.457,-0.187,-0.335,0.071,-0.105,0.442,0.492,-0.527,0.567,0.48,-0.176,0.298,0.033,0.115,-0.263,-0.565,-0.334,-0.164,0.392,-0.207,-0.018,-0.728,-0.1,0.08,-0.246,0.254,0.39,-0.534,-0.364,-0.004,0.109,0.25,0.115,0.259,0.357,-0.15,0.057,0.002,-0.535,-0.018,0.336,1.06,-0.433,0.021,-0.106,0.06,-0.006,0.539,0.509,0.029,0.175,0.087,-0.263,0.357,0.061,0.075,0.167,-0.17,-0.014,0.058,0.118,0.282,0.108,-0.43,-0.244,-0.315,0.117,0.174,0.097,-0.07,-0.545,-0.312,-0.565,-0.15,0.075,-0.783,1.287,-0.185,0.229,0.298,0.283,-0.097,0.04,0.707,-0.491,-0.03,0.044,0.159,0.405,-0.223,-0.199,0.459,-0.334,0.057,0.167,1.287,0.538,0.08,0.456,-0.089,-0.095,-0.037,0.036,-0.098,-0.822,-0.505,-0.635,0.105,-0.032,0.063,-0.064,0.069,-0.164,0.002,-0.17,-0.185,0.08,0.694,-0.415,-0.036,0.27,-0.336,-0.004,0.121,-0.289,-0.305,-0.1,-0.145,0.247,-0.187,0.127,0.02,0.392,-0.535,-0.014,0.229,0.456,-0.415,-0.27,0.385,0.072,0.182,0.127,-0.062,0.374,-0.051,-0.245,-0.524,0.188,0.222,0.037,-0.218,-0.207,-0.018,0.058,0.298,-0.089,-0.036,0.385,0.211,-0.141,-0.072,-0.359,-0.011,-0.026,0.158,0.442,-0.206,-0.058,-0.061,0.132,0.457,-0.018,0.336,0.118,0.283,-0.095,0.27,0.072,-0.141,-0.006,-0.178,-0.348,-0.46,-0.163,0.259,-0.501,0.237,-0.262,-0.717,0.121,-0.187,-0.728,1.06,0.282,-0.097,-0.037,-0.336,0.182,-0.072,-0.178,-0.43,-0.041,-0.068,-0.141,-0.079,0.111,-0.008,0.084,-0.759,0.382,-0.335,-0.1,-0.433,0.108,0.04,0.036,-0.004,0.127,-0.359,-0.348,-0.041,-0.191,0.255,-0.253,0.141,0.006,0.222,0.293,1.115,-0.17,0.071,0.08,0.021,-0.43,0.707,-0.098,0.121,-0.062,-0.011,-0.46,-0.068,0.255,-0.454,-0.288,0.253,-0.265,0.487,0.347,0.065,-0.083,-0.105,-0.246,-0.106,-0.244,-0.491,-0.822,-0.289,0.374,-0.026,-0.163,-0.141,-0.253,-0.288,-0.641,0.251,0.075,-0.187,-0.103,-0.181,0.068,0.442,0.254,0.06,-0.315,-0.03,-0.505,-0.305,-0.051,0.158,0.259,-0.079,0.141,0.253,0.251,0.358,0.316,-0.128,-0.253,-0.782,-0.104,0.492,0.39,-0.006,0.117,0.044,-0.635,-0.1,-0.245,0.442,-0.501,0.111,0.006,-0.265,0.075,0.316,-0.034
THOP960101,-0.08,0.04,-0.14,0.1,0.55,-0.15,-0.12,0.6,-0.4,-0.3,-0.32,0.23,-1.79,-0.86,0.07,-0.11,0.62,-0.49,-0.05,0.46,0.04,0.14,0.5,0.1,-0.54,1.45,0.05,-0.43,1.07,0.31,-1.23,0.05,0.02,-0.26,-0.25,0.0,-0.35,0.55,-0.41,-0.31,-0.14,0.5,-0.1,-0.13,0.3,-0.05,-0.08,-0.36,-1.14,-1.04,0.0,-0.82,0.18,-0.69,-0.26,-0.09,0.0,0.1,0.04,-0.09,0.1,0.1,-0.13,0.41,0.4,-0.02,0.11,0.84,-0.21,0.07,0.33,0.0,-0.22,-0.05,0.04,0.25,0.09,-0.43,0.51,-0.25,0.55,-0.54,0.3,0.4,-0.2,0.4,-0.17,0.06,-0.44,0.4,-0.96,-0.39,-1.1,0.21,-0.42,-0.82,-0.45,-0.99,0.25,-0.23,-0.15,1.45,-0.05,-0.02,0.4,0.28,-0.01,0.61,-0.09,0.37,-0.2,0.14,0.3,-0.22,0.62,-0.04,-0.59,0.18,-0.13,-0.07,-0.12,0.05,-0.08,0.11,-0.17,-0.01,-0.47,0.14,-0.13,0.44,-0.22,-0.64,-0.27,-0.02,0.21,-0.03,-0.38,0.13,-0.17,0.15,0.6,-0.43,-0.36,0.84,0.06,0.61,0.14,-0.27,-0.39,-0.29,0.09,-0.08,-0.19,0.2,-0.09,0.36,0.05,-0.78,0.26,-0.08,-0.4,1.07,-1.14,-0.21,-0.44,-0.09,-0.13,-0.39,-0.07,0.24,-0.89,0.04,-0.2,0.1,-0.18,0.07,0.02,-0.74,-0.37,0.21,-0.3,0.31,-1.04,0.07,0.4,0.37,0.44,-0.29,0.24,-0.68,-0.3,0.39,0.32,-0.98,-0.15,-0.14,-0.41,-0.3,-0.89,-0.97,-0.32,-1.23,0.0,0.33,-0.96,-0.2,-0.22,0.09,-0.89,-0.3,0.11,-0.48,-0.39,0.19,-0.06,0.22,-0.32,-0.6,-0.67,-0.87,0.23,0.05,-0.82,0.0,-0.39,0.14,-0.64,-0.08,0.04,0.39,-0.48,-0.06,-0.2,-0.53,0.03,0.4,-0.52,-0.1,-0.71,-0.57,-1.79,0.02,0.18,-0.22,-1.1,0.3,-0.27,-0.19,-0.2,0.32,-0.39,-0.2,0.35,-0.75,0.12,-0.6,-0.48,-0.94,-0.24,0.25,-0.86,-0.26,-0.69,-0.05,0.21,-0.22,-0.02,0.2,0.1,-0.98,0.19,-0.53,-0.75,0.36,0.68,-0.66,-1.02,-0.61,-0.17,-1.03,0.07,-0.25,-0.26,0.04,-0.42,0.62,0.21,-0.09,-0.18,-0.15,-0.06,0.03,0.12,0.68,-0.08,0.4,0.04,0.06,-0.15,-0.01,-0.11,0.0,-0.09,0.25,-0.82,-0.04,-0.03,0.36,0.07,-0.14,0.22,0.4,-0.6,-0.66,0.4,-0.09,-0.02,-0.98,-0.2,-0.35,0.62,-0.35,0.0,0.09,-0.45,-0.59,-0.38,0.05,0.02,-0.41,-0.32,-0.52,-0.48,-1.02,0.04,-0.02,-1.03,-0.78,-0.08,-0.94,-0.49,0.55,0.1,-0.43,-0.99,0.18,0.13,-0.78,-0.74,-0.3,-0.6,-0.1,-0.94,-0.61,0.06,-0.98,-0.78,-1.15,0.06,-0.7,-0.05,-0.41,0.04,0.51,0.25,-0.13,-0.17,0.26,-0.37,-0.89,-0.67,-0.71,-0.24,-0.17,-0.15,-0.2,-0.08,0.06,-0.08,-0.31,0.46,-0.31,-0.09,-0.25,-0.23,-0.07,0.15,-0.08,0.21,-0.97,-0.87,-0.57,0.25,-1.03,-0.01,-0.35,-0.94,-0.7,-0.31,-0.6
MIRL960101,-0.13,-0.14,0.28,0.12,0.03,-0.72,-0.3,0.04,0.24,0.0,0.13,0.11,-1.06,-0.53,0.43,0.08,-0.52,0.05,-0.25,-0.17,-0.14,0.22,0.67,0.19,0.46,0.25,0.25,0.31,0.65,0.08,0.19,-0.02,0.44,0.36,-0.32,0.19,0.99,0.0,-0.28,-0.2,0.28,0.67,0.3,0.26,0.75,0.43,0.23,0.16,-0.27,-0.41,0.14,-0.19,-0.33,-0.08,-0.74,-0.76,0.71,0.11,-0.38,-0.97,0.12,0.19,0.26,0.1,-0.11,-0.38,-0.18,0.04,-0.42,0.0,-0.1,0.2,-0.21,0.03,0.69,0.25,0.42,0.2,0.11,-0.34,0.03,0.46,0.75,-0.11,-0.21,-0.14,-0.35,0.19,-0.28,0.08,0.04,0.36,-0.13,-0.38,-0.08,0.0,-0.33,-0.04,0.09,0.13,-0.72,0.25,0.43,-0.38,-0.14,0.26,-0.06,0.17,-0.31,-0.14,-0.02,-0.29,-0.26,0.41,-0.17,-0.16,-0.05,-0.13,0.21,0.25,-0.3,0.25,0.23,-0.18,-0.35,-0.06,0.14,0.29,-0.2,0.01,-0.09,-0.22,-0.11,0.18,-0.03,-0.29,0.19,-0.26,-0.14,0.0,0.04,0.31,0.16,0.04,0.19,0.17,0.29,-0.19,0.2,0.14,-0.09,0.42,0.31,0.39,-0.07,-0.07,-0.08,-0.16,0.03,-0.09,0.24,0.65,-0.27,-0.42,-0.28,-0.31,-0.2,0.2,-0.67,0.24,-0.16,0.59,0.34,-0.29,-0.14,0.22,-0.12,-0.2,0.09,-0.25,0.0,0.08,-0.41,0.0,0.08,-0.14,0.01,0.14,0.24,0.06,0.08,0.53,0.29,-0.23,-0.04,0.18,-0.12,0.22,0.02,-0.09,0.13,0.19,0.14,-0.1,0.04,-0.02,-0.09,-0.09,-0.16,0.08,0.0,0.16,-0.2,0.27,-0.22,-0.1,0.14,0.24,-0.34,0.11,0.11,-0.02,-0.19,0.2,0.36,-0.29,-0.22,0.42,0.59,0.53,0.16,-0.39,0.35,-0.45,0.26,0.25,0.49,0.35,-0.22,-0.01,-1.06,0.44,-0.33,-0.21,-0.13,-0.26,-0.11,0.31,0.34,0.29,-0.2,0.35,0.06,-0.16,-0.06,-0.1,0.3,0.06,0.5,0.58,-0.53,0.36,-0.08,0.03,-0.38,0.41,0.18,0.39,-0.29,-0.23,0.27,-0.45,-0.16,0.04,-0.15,-0.19,-0.3,-0.44,0.44,-0.42,0.43,-0.32,-0.74,0.69,-0.08,-0.17,-0.03,-0.07,-0.14,-0.04,-0.22,0.26,-0.06,-0.15,0.29,0.25,-0.38,-0.24,0.34,-0.12,0.08,0.19,-0.76,0.25,0.0,-0.16,-0.29,-0.07,0.22,0.18,-0.1,0.25,-0.1,-0.19,0.25,0.24,0.34,-0.25,0.16,0.19,-0.52,0.99,0.71,0.42,-0.33,-0.05,0.19,-0.08,-0.12,-0.12,0.14,0.49,0.3,-0.3,-0.38,0.34,-0.29,-0.22,0.44,-0.14,0.05,0.0,0.11,0.2,-0.04,-0.13,-0.26,-0.16,-0.2,0.22,0.24,0.35,0.06,-0.44,-0.24,-0.25,-0.22,-0.29,0.25,0.02,-0.25,-0.28,-0.38,0.11,0.09,0.21,-0.14,0.03,0.09,0.02,-0.34,-0.22,0.5,0.44,0.34,0.16,0.44,0.25,0.09,0.18,-0.17,-0.2,-0.97,-0.34,0.13,0.25,0.0,-0.09,-0.25,-0.09,0.11,-0.01,0.58,-0.42,-0.12,0.19,-0.14,0.02,0.18,-0.07
VENM980101,-0.02808,-0.0321,0.09084,0.01673,0.01585,-0.1196,0.07582,0.08769,0.1005,0.00069,0.00943,0.0543,-0.18164,-0.07726,0.01438,0.02297,-0.1314,0.03575,0.04386,-0.08755,-0.0321,0.02636,0.02074,0.0509,0.0304,0.1122,0.07572,0.0583,0.06106,0.03734,0.13069,0.0522,0.1327,0.0175,-0.0072,0.0944,-0.01512,0.0602,-0.0974,-0.0624,0.09084,0.02074,0.01271,0.0215,0.0131,0.0173,0.0932,0.01358,-0.098,-0.1608,0.04718,-0.03699,0.00884,0.07471,-0.1873,-0.09309,0.01137,0.0376,-0.0489,-0.1536,0.01673,0.0509,0.0215,0.07816,0.0982,-0.062,0.01251,0.04375,-0.0837,-0.01505,0.0724,0.0876,-0.0737,0.03878,0.02004,0.0427,0.0211,0.06601,0.1598,-0.0395,0.01585,0.0304,0.0131,0.0982,-0.109,-0.0284,-0.093,0.0894,-0.174,-0.0157,0.02167,0.0548,0.0085,-0.1882,-0.01841,0.01074,-0.091,0.061,0.06797,0.05679,-0.1196,0.1122,0.0173,-0.062,-0.0284,0.013,0.00648,0.0856,0.00055,-0.00054,0.01582,-0.02649,-0.1229,0.0041,-0.0372,-0.0505,0.00167,-0.0366,0.007,0.0255,0.07582,0.07572,0.0932,0.01251,-0.093,0.00648,0.0551,-0.00013,-0.0667,0.112,-0.03831,-0.10044,0.00302,0.00294,0.0865,-0.0422,0.14216,-0.0574,0.0725,0.0788,0.08769,0.0583,0.01358,0.04375,0.0894,0.0856,-0.00013,-0.00499,0.0169,0.0158,0.0082,0.0338,0.01352,0.01164,0.00253,0.062,0.00262,-0.0219,0.06636,0.0095,0.1005,0.06106,-0.098,-0.0837,-0.174,0.00055,-0.0667,0.0169,-0.2448,-0.00609,0.00303,0.01813,0.07002,-0.1336,-0.03475,0.06563,-0.0382,-0.07248,0.01587,-0.0652,0.00069,0.03734,-0.1608,-0.01505,-0.0157,-0.00054,0.112,0.0158,-0.00609,-0.01788,0.04886,0.04248,0.1134,-0.0452,0.0711,0.1083,-0.01956,0.0117,0.0093,-0.041,0.00943,0.13069,0.04718,0.0724,0.02167,0.01582,-0.03831,0.0082,0.00303,0.04886,0.00165,-0.00256,-0.029,0.0136,-0.06461,-0.0183,0.0607,0.054,-0.07678,-0.0112,0.0543,0.0522,-0.03699,0.0876,0.0548,-0.02649,-0.10044,0.0338,0.01813,0.04248,-0.00256,-0.0338,0.05,-0.1188,0.09398,0.0339,-0.00602,0.0164,-0.0449,-0.00789,-0.18164,0.1327,0.00884,-0.0737,0.0085,-0.1229,0.00302,0.01352,0.07002,0.1134,-0.029,0.05,-0.0484,-0.09404,0.02,-0.08515,0.023,-0.06069,0.01472,0.0684,-0.07726,0.0175,0.07471,0.03878,-0.1882,0.0041,0.00294,0.01164,-0.1336,-0.0452,0.0136,-0.1188,-0.09404,0.014,-0.00952,-0.116,-0.0551,-0.11542,0.0384,-0.0876,0.01438,-0.0072,-0.1873,0.02004,-0.01841,-0.0372,0.0865,0.00253,-0.03475,0.0711,-0.06461,0.09398,0.02,-0.00952,0.0197,0.086,-0.1748,-0.00094,0.00916,-0.0218,0.02297,0.0944,-0.09309,0.0427,0.01074,-0.0505,-0.0422,0.062,0.06563,0.1083,-0.0183,0.0339,-0.08515,-0.116,0.086,0.0097,0.0595,-0.1095,0.0406,-0.001,-0.1314,-0.01512,0.01137,0.0211,-0.091,0.00167,0.14216,0.00262,-0.0382,-0.01956,0.0607,-0.00602,0.023,-0.0551,-0.1748,0.0595,-0.1274,-0.03358,0.0331,-0.0634,0.03575,0.0602,0.0376,0.06601,0.061,-0.0366,-0.0574,-0.0219,-0.07248,0.0117,0.054,0.0164,-0.06069,-0.11542,-0.00094,-0.1095,-0.03358,-0.07182,-0.00024,-0.0303,0.04386,-0.0974,-0.0489,0.1598,0.06797,0.007,0.0725,0.06636,0.01587,0.0093,-0.07678,-0.0449,0.01472,0.0384,0.00916,0.0406,0.0331,-0.00024,0.027,0.03116,-0.08755,-0.0624,-0.1536,-0.0395,0.05679,0.0255,0.0788,0.0095,-0.0652,-0.041,-0.0112,-0.00789,0.0684,-0.0876,-0.0218,-0.001,-0.0634,-0.0303,0.03116,0.026
BASU010101,-0.0479,-0.015,0.1049,0.1018,0.1169,-0.1859,0.0192,0.084,0.0544,-0.1085,-0.0844,0.0306,-1.0442,-0.0917,0.1049,-0.0457,0.0059,0.0715,-0.005,-0.0728,-0.015,0.039,0.2673,0.0543,-0.1038,0.1216,-0.0847,-0.0163,-0.0197,0.0124,-0.0557,-0.0125,0.0637,0.0682,0.1146,-0.0573,-0.0345,0.0866,-0.2137,-0.1822,0.1049,0.2673,0.089,-0.0172,0.0839,0.0802,0.0782,-0.0169,-0.5067,-0.5112,0.0691,-0.0701,-0.0381,-0.1305,-0.3511,-0.1154,-0.033,0.1963,-0.0735,-0.2403,0.1018,0.0543,-0.0172,0.1462,0.2131,-0.0614,0.156,0.2386,0.1127,0.0545,0.2241,0.0979,0.0295,-0.1119,0.155,0.0882,0.0745,-0.0604,0.1099,-0.0069,0.1169,-0.1038,0.0839,0.2131,-0.112,0.1169,-0.021,0.0018,-0.091,-0.054,-0.2444,-0.048,-0.1621,0.0789,-0.0982,-0.4212,-0.1326,-0.3209,0.0214,-0.1445,-0.1859,0.1216,0.0802,-0.0614,0.1169,0.1077,0.0464,0.0442,0.0424,0.1452,-0.0132,0.0005,0.0823,-0.0904,-0.0413,0.1075,-0.0005,0.169,0.0332,0.0959,0.0192,-0.0847,0.0782,0.156,-0.021,0.0464,0.0185,0.0398,0.0941,0.1626,0.031,-0.0737,0.0155,0.0018,0.1259,0.1043,-0.0013,0.1763,-0.0243,0.0675,0.084,-0.0163,-0.0169,0.2386,0.0018,0.0442,0.0398,0.0681,-0.0316,-0.07,0.0467,-0.0266,-0.112,0.0827,0.1844,0.1908,0.0228,-0.207,0.015,-0.088,0.0544,-0.0197,-0.5067,0.1127,-0.091,0.0424,0.0941,-0.0316,-0.0775,-0.0124,-0.3405,0.1892,-0.0802,-0.0171,0.1196,0.0052,-0.1066,-0.1149,-0.1408,-0.1369,-0.1085,0.0124,-0.5112,0.0545,-0.054,0.1452,0.1626,-0.07,-0.0124,-0.025,-0.1176,0.1485,-0.0967,-0.3262,-0.0251,-0.1567,-0.02,-0.1152,-0.1961,-0.2639,-0.0844,-0.0557,0.0691,0.2241,-0.2444,-0.0132,0.031,0.0467,-0.3405,-0.1176,-0.1165,-0.2235,-0.1431,0.0885,0.1115,-0.0522,-0.0176,-0.2614,-0.1976,-0.3164,0.0306,-0.0125,-0.0701,0.0979,-0.048,0.0005,-0.0737,-0.0266,0.1892,0.1485,-0.2235,-0.0749,0.1103,-0.0827,0.1346,0.1174,-0.0326,-0.0651,-0.5852,-0.1711,-1.0442,0.0637,-0.0381,0.0295,-0.1621,0.0823,0.0155,-0.112,-0.0802,-0.0967,-0.1431,0.1103,-0.2793,-0.125,0.171,-0.1431,0.0475,-0.2349,0.118,0.2728,-0.0917,0.0682,-0.1305,-0.1119,0.0789,-0.0904,0.0018,0.0827,-0.0171,-0.3262,0.0885,-0.0827,-0.125,-0.1059,0.1581,-0.3791,-0.545,-0.3088,-0.0416,-0.1785,0.1049,0.1146,-0.3511,0.155,-0.0982,-0.0413,0.1259,0.1844,0.1196,-0.0251,0.1115,0.1346,0.171,0.1581,-0.055,0.2311,0.2219,0.0386,0.0266,-0.0184,-0.0457,-0.0573,-0.1154,0.0882,-0.4212,0.1075,0.1043,0.1908,0.0052,-0.1567,-0.0522,0.1174,-0.1431,-0.3791,0.2311,0.1061,0.101,-0.4223,0.1859,-0.0039,0.0059,-0.0345,-0.033,0.0745,-0.1326,-0.0005,-0.0013,0.0228,-0.1066,-0.02,-0.0176,-0.0326,0.0475,-0.545,0.2219,0.101,-0.4593,-0.4001,0.0609,-0.2127,0.0715,0.0866,0.1963,-0.0604,-0.3209,0.169,0.1763,-0.207,-0.1149,-0.1152,-0.2614,-0.0651,-0.2349,-0.3088,0.0386,-0.4223,-0.4001,-0.5193,0.0119,-0.2792,-0.005,-0.2137,-0.0735,0.1099,0.0214,0.0332,-0.0243,0.015,-0.1408,-0.1961,-0.1976,-0.5852,0.118,-0.0416,0.0266,0.1859,0.0609,0.0119,0.0868,0.1766,-0.0728,-0.1822,-0.2403,-0.0069,-0.1445,0.0959,0.0675,-0.088,-0.1369,-0.2639,-0.3164,-0.1711,0.2728,-0.1785,-0.0184,-0.0039,-0.2127,-0.2792,0.1766,-0.2898
MIYS850102,-2.51,-1.41,-1.44,-1.57,-2.66,-1.98,-1.33,-0.96,-2.7,-3.38,-2.59,-1.39,-5.44,-1.59,-1.5,-1.7,-1.85,-2.73,-1.36,-1.26,-1.41,-1.09,-2.59,-2.63,-3.17,0.13,-3.99,-3.49,-2.9,-3.5,-5.05,-1.85,-3.19,-2.7,-1.43,-3.75,-3.31,-3.11,-6.33,-6.01,-1.44,-2.59,-2.99,-3.09,-0.06,-2.91,-3.43,-3.84,-5.79,-6.17,-1.1,-3.63,-0.91,-5.03,-2.07,-1.32,-1.54,-0.84,-1.02,-1.6,-1.57,-2.63,-3.09,-1.81,-1.72,-1.85,-1.43,-1.19,-1.73,-2.92,-1.4,-1.94,-2.17,-4.36,-2.08,-3.47,-3.06,-3.73,-0.67,-4.11,-2.66,-3.17,-0.06,-1.72,-2.01,-1.37,-1.97,-3.73,-3.66,-3.16,-3.89,-3.22,-4.92,-3.72,-3.16,-4.95,-2.8,-4.44,-2.3,-2.48,-1.98,0.13,-2.91,-1.85,-1.37,-1.18,-1.89,-1.22,-1.46,-1.31,-2.86,-2.78,-1.48,-3.54,-1.33,-1.7,-1.94,-0.83,-3.43,-3.16,-1.33,-3.99,-3.43,-1.43,-1.97,-1.89,-3.55,-3.56,-1.48,-1.35,-2.15,-4.41,-1.51,-3.55,-1.18,-1.66,-2.88,-2.03,-1.59,-1.45,-0.96,-3.49,-3.84,-1.19,-3.73,-1.22,-3.56,-2.31,-3.43,-3.74,-1.02,-3.33,-3.76,-3.31,-2.15,-1.66,-1.59,-3.56,-1.72,-3.93,-2.7,-2.9,-5.79,-1.73,-3.66,-1.46,-1.48,-3.43,-6.37,-2.91,-6.02,-2.91,-2.95,-3.3,-1.56,-3.31,-5.42,-2.47,-2.85,-2.75,-3.38,-3.5,-6.17,-2.92,-3.16,-1.31,-1.35,-3.74,-2.91,-3.11,-4.76,-2.99,-2.94,-5.63,-1.68,-3.37,-4.02,-2.49,-5.64,-5.5,-2.59,-5.05,-1.1,-1.4,-3.89,-2.86,-2.15,-1.02,-6.02,-4.76,-2.25,-5.03,-2.53,-3.51,-1.62,-2.42,-2.5,-4.26,-3.33,-4.63,-1.39,-1.85,-3.63,-1.94,-3.22,-2.78,-4.41,-3.33,-2.91,-2.99,-5.03,-2.14,-3.23,-2.27,-1.51,-3.65,-3.76,-3.15,-6.22,-3.96,-5.44,-3.19,-0.91,-2.17,-4.92,-1.48,-1.51,-3.76,-2.95,-2.94,-2.53,-3.23,-3.55,-4.61,-1.54,-3.62,-2.78,-4.46,-2.36,-2.25,-1.59,-2.7,-5.03,-4.36,-3.72,-3.54,-3.55,-3.31,-3.3,-5.63,-3.51,-2.27,-4.61,-6.06,-1.23,-6.39,-6.26,-6.85,-2.83,-6.68,-1.5,-1.43,-2.07,-2.08,-3.16,-1.33,-1.18,-2.15,-1.56,-1.68,-1.62,-1.51,-1.54,-1.23,-0.89,-1.22,-2.17,-2.01,-2.09,-2.12,-1.7,-3.75,-1.32,-3.47,-4.95,-1.7,-1.66,-1.66,-3.31,-3.37,-2.42,-3.65,-3.62,-6.39,-1.22,-2.67,-2.56,-5.58,-3.06,-3.38,-1.85,-3.31,-1.54,-3.06,-2.8,-1.94,-2.88,-1.59,-5.42,-4.02,-2.5,-3.76,-2.78,-6.26,-2.17,-2.56,-5.38,-5.75,-1.95,-5.52,-2.73,-3.11,-0.84,-3.73,-4.44,-0.83,-2.03,-3.56,-2.47,-2.49,-4.26,-3.15,-4.46,-6.85,-2.01,-5.58,-5.75,-4.94,-2.95,-4.05,-1.36,-6.33,-1.02,-0.67,-2.3,-3.43,-1.59,-1.72,-2.85,-5.64,-3.33,-6.22,-2.36,-2.83,-2.09,-3.06,-1.95,-2.95,-2.96,-2.79,-1.26,-6.01,-1.6,-4.11,-2.48,-3.16,-1.45,-3.93,-2.75,-5.5,-4.63,-3.96,-2.25,-6.68,-2.12,-3.38,-5.52,-4.05,-2.79,-5.05
MIYS850103,-0.13,-0.13,0.28,0.12,0.03,-0.73,-0.3,0.04,0.24,0.0,0.13,0.11,-1.06,-0.53,0.44,0.07,-0.52,0.04,-0.25,-0.18,-0.13,0.21,0.67,0.19,0.46,0.25,0.25,0.31,0.65,0.08,0.19,-0.03,0.43,0.36,-0.33,0.19,0.98,0.0,-0.28,-0.2,0.28,0.67,0.3,0.25,0.75,0.42,0.22,0.16,-0.27,-0.41,0.15,-0.2,-0.32,-0.08,-0.75,-0.76,0.71,0.11,-0.38,-0.97,0.12,0.19,0.25,0.1,-0.11,-0.38,-0.18,0.03,-0.43,-0.01,-0.11,0.19,-0.21,0.03,0.68,0.25,0.42,0.19,0.11,-0.34,0.03,0.46,0.75,-0.11,-0.21,-0.15,-0.35,0.19,-0.29,0.07,0.04,0.36,-0.13,0.37,-0.08,-0.01,-0.34,-0.05,0.08,0.13,-0.73,0.25,0.42,-0.38,-0.15,0.26,-0.06,0.17,-0.32,-0.14,-0.03,-0.3,-0.27,0.41,-0.18,-0.17,-0.06,-0.13,0.21,0.24,-0.3,0.25,0.22,-0.18,-0.35,-0.06,0.14,0.28,-0.2,0.01,-0.09,-0.22,-0.11,0.18,-0.04,-0.29,0.18,-0.27,-0.14,-0.01,0.04,0.31,0.16,0.03,0.19,0.17,0.28,-0.2,0.2,0.13,-0.09,0.42,0.31,0.39,-0.07,-0.07,-0.08,-0.16,0.02,-0.09,0.24,0.65,-0.27,-0.43,-0.29,-0.32,-0.2,0.2,-0.67,0.24,-0.17,0.59,0.34,0.48,-0.14,0.21,-0.12,-0.2,0.08,-0.26,0.0,0.08,-0.41,-0.01,0.07,-0.14,0.01,0.13,0.24,0.07,0.08,0.54,0.28,-0.24,-0.04,0.17,-0.13,0.22,0.01,-0.09,0.13,0.19,0.15,-0.11,0.04,-0.03,-0.09,-0.09,-0.17,0.08,-0.01,0.16,-0.21,0.26,-0.23,-0.11,0.13,0.24,-0.35,0.11,0.11,-0.03,-0.2,0.19,0.36,-0.3,-0.22,0.42,0.59,0.54,0.16,-0.4,0.34,-0.46,0.25,0.24,0.48,0.36,-0.22,-0.01,-1.06,0.43,-0.32,-0.21,-0.13,-0.27,-0.11,0.31,0.34,0.28,-0.21,0.34,-0.07,-0.17,-0.07,-0.11,0.29,0.05,0.49,0.57,-0.53,0.36,-0.08,0.03,0.37,0.41,0.18,0.39,0.48,-0.24,0.26,-0.46,-0.17,0.04,-0.16,-0.19,-0.3,-0.45,0.43,-0.43,0.44,-0.33,-0.75,0.68,-0.08,-0.18,-0.04,-0.07,-0.14,-0.04,-0.23,0.25,-0.07,-0.16,0.27,0.24,-0.39,-0.24,0.34,-0.13,0.07,0.19,-0.76,0.25,-0.01,-0.17,-0.29,-0.07,0.21,0.17,-0.11,0.24,-0.11,-0.19,0.24,0.23,0.33,-0.26,0.15,0.18,-0.52,0.98,0.71,0.42,-0.34,-0.06,0.18,-0.08,-0.12,-0.13,0.13,0.48,0.29,-0.3,-0.39,0.33,-0.3,-0.23,0.43,-0.15,0.04,0.0,0.11,0.19,-0.05,-0.13,-0.27,-0.16,-0.2,0.22,0.24,0.36,0.05,-0.45,-0.24,-0.26,-0.23,-0.3,0.24,0.01,-0.25,-0.28,-0.38,0.11,0.08,0.21,-0.14,0.02,0.08,0.01,-0.35,-0.22,0.49,0.43,0.34,0.15,0.43,0.24,0.08,0.17,-0.18,-0.2,-0.97,-0.34,0.13,0.24,-0.01,-0.09,-0.26,-0.09,0.11,-0.01,0.57,-0.43,-0.13,0.18,-0.15,0.01,0.17,-0.08
MIYS960101,-2.72,-1.64,-1.84,-1.7,-2.41,-2.29,-1.68,-1.21,-2.57,-3.57,-2.59,-1.55,-5.44,-1.68,-1.83,-1.89,-1.8,-2.85,-1.71,-1.46,-1.64,-1.35,-3.4,-3.37,-3.3,-0.12,-3.94,-3.12,-2.57,-2.95,-4.99,-1.98,-2.89,-3.01,-1.51,-3.39,-3.98,-2.48,-6.02,-6.41,-1.84,-3.4,-3.74,-4.04,-0.59,-3.59,-4.16,-4.54,-7.37,-7.04,-1.31,-3.6,-1.21,-5.83,-2.27,-1.68,-1.95,-1.15,-1.29,-1.8,-1.7,-3.37,-4.04,-2.03,-1.87,-1.7,-1.53,-1.33,-1.73,-3.07,-1.26,-2.15,-2.25,-4.81,-2.27,-3.76,-4.2,-4.25,-0.97,-3.45,-2.41,-3.3,-0.59,-1.87,-2.6,-1.49,-1.9,-3.51,-3.73,-3.11,-4.16,-3.67,-4.91,-4.13,-3.16,-5.66,-3.19,-4.66,-2.78,-3.01,-2.29,-0.12,-3.59,-1.7,-1.49,-1.75,-2.01,-1.62,-1.63,-1.58,-2.86,-3.05,-1.48,-3.98,-1.42,-1.82,-2.11,-1.05,-3.52,-3.92,-1.68,-3.94,-4.16,-1.53,-1.9,-2.01,-3.03,-4.02,-1.67,-1.57,-2.32,-4.58,-1.88,-3.75,-0.91,-1.8,-3.11,-2.08,-1.9,-1.74,-1.21,-3.12,-4.54,-1.33,-3.51,-1.62,-4.02,-2.42,-4.34,-4.03,-1.31,-3.63,-4.28,-3.48,-2.31,-1.9,-1.96,-3.41,-2.12,-3.82,-2.57,-2.57,-7.37,-1.73,-3.73,-1.63,-1.67,-4.34,-5.55,-2.84,-6.16,-3.17,-2.99,-4.1,-1.74,-3.22,-5.06,-2.76,-3.36,-3.16,-3.57,-2.95,-7.04,-3.07,-3.11,-1.58,-1.57,-4.03,-2.84,-3.07,-4.95,-3.24,-2.99,-5.8,-1.72,-3.42,-3.98,-2.69,-5.78,-6.14,-2.59,-4.99,-1.31,-1.26,-4.16,-2.86,-2.32,-1.31,-6.16,-4.95,-2.76,-5.5,-2.97,-3.56,-1.59,-2.79,-3.01,-5.67,-3.52,-5.25,-1.55,-1.98,-3.6,-2.15,-3.67,-3.05,-4.58,-3.63,-3.17,-3.24,-5.5,-2.32,-3.27,-2.15,-1.51,-3.78,-4.14,-4.03,-6.54,-4.91,-5.44,-2.89,-1.21,-2.25,-4.91,-1.48,-1.88,-4.28,-2.99,-2.99,-2.97,-3.27,-4.17,-4.77,-1.66,-4.04,-3.07,-4.96,-2.83,-2.48,-1.68,-3.01,-5.83,-4.81,-4.13,-3.98,-3.75,-3.48,-4.1,-5.8,-3.56,-2.15,-4.77,-5.46,-1.02,-6.84,-7.28,-7.26,-3.36,-6.56,-1.83,-1.51,-2.27,-2.27,-3.16,-1.42,-0.91,-2.31,-1.74,-1.72,-1.59,-1.51,-1.66,-1.02,-1.54,-1.22,-2.24,-2.08,-2.41,-2.16,-1.89,-3.39,-1.68,-3.76,-5.66,-1.82,-1.8,-1.9,-3.22,-3.42,-2.79,-3.78,-4.04,-6.84,-1.22,-3.07,-2.67,-6.05,-3.38,-3.58,-1.8,-3.98,-1.95,-4.2,-3.19,-2.11,-3.11,-1.96,-5.06,-3.98,-3.01,-4.14,-3.07,-7.28,-2.24,-2.67,-6.48,-6.29,-2.49,-5.32,-2.85,-2.48,-1.15,-4.25,-4.66,-1.05,-2.08,-3.41,-2.76,-2.69,-5.67,-4.03,-4.96,-7.26,-2.08,-6.05,-6.29,-5.52,-3.46,-4.62,-1.71,-6.02,-1.29,-0.97,-2.78,-3.52,-1.9,-2.12,-3.36,-5.78,-3.52,-6.54,-2.83,-3.36,-2.41,-3.38,-2.49,-3.46,-3.32,-3.05,-1.46,-6.41,-1.8,-3.45,-3.01,-3.92,-1.74,-3.82,-3.16,-6.14,-5.25,-4.91,-2.48,-6.56,-2.16,-3.58,-5.32,-4.62,-3.05,-5.18
MIYS960102,-0.13,-0.16,0.1,0.16,0.45,-0.89,-0.47,-0.08,0.56,0.02,0.35,0.12,-0.85,-0.39,0.3,0.13,-0.24,0.17,-0.34,-0.17,-0.16,0.18,0.7,0.41,0.07,0.37,0.0,0.36,0.64,0.34,-0.05,0.03,0.27,0.38,-0.35,0.17,-0.05,0.41,-0.23,-0.23,0.1,0.7,0.44,0.22,0.49,0.46,0.29,0.28,-0.3,-0.36,0.23,-0.02,-0.32,0.0,-0.92,-0.87,0.59,0.01,-0.32,-1.04,0.16,0.41,0.22,0.08,-0.14,-0.05,-0.07,0.05,-0.19,0.04,0.07,0.05,-0.15,-0.03,0.54,0.2,0.15,0.05,0.09,0.01,0.45,0.07,0.49,-0.14,-0.22,-0.06,-0.05,0.15,-0.38,0.15,0.27,0.2,-0.13,0.27,0.05,-0.04,-0.24,0.01,0.06,0.14,-0.89,0.37,0.46,-0.05,-0.06,-0.12,-0.01,-0.08,-0.36,-0.23,0.14,-0.48,-0.26,0.34,-0.18,-0.2,-0.12,-0.1,0.33,0.32,-0.47,0.0,0.29,-0.07,-0.05,-0.01,0.32,0.17,-0.26,-0.05,-0.01,-0.14,-0.22,0.38,0.12,-0.22,0.2,-0.15,-0.16,-0.21,-0.08,0.36,0.28,0.05,0.15,-0.08,0.17,-0.12,0.21,0.13,-0.05,0.35,0.22,0.57,-0.1,-0.07,-0.24,-0.04,-0.09,0.01,0.56,0.64,-0.3,-0.19,-0.38,-0.36,-0.26,0.21,-0.37,0.26,-0.14,0.54,0.25,0.11,-0.18,0.33,0.01,0.02,0.07,-0.19,0.02,0.34,-0.36,0.04,0.15,-0.23,-0.05,0.13,0.26,0.11,-0.12,0.55,0.06,-0.02,0.03,0.03,-0.16,0.09,-0.1,-0.07,0.35,-0.05,0.23,0.07,0.27,0.14,-0.01,-0.05,-0.14,-0.12,-0.06,-0.06,-0.11,0.44,-0.11,-0.14,0.04,0.0,-0.1,0.03,0.12,0.03,-0.02,0.05,0.2,-0.48,-0.14,0.35,0.54,0.55,-0.06,-0.47,0.39,-0.35,0.3,0.28,0.29,0.34,-0.25,-0.08,-0.85,0.27,-0.32,-0.15,-0.13,-0.26,-0.22,0.22,0.25,0.06,-0.11,0.39,0.1,0.0,-0.02,-0.13,0.38,-0.05,0.43,0.7,-0.39,0.38,0.0,-0.03,0.27,0.34,0.38,0.57,0.11,-0.02,0.44,-0.35,0.0,-0.17,0.06,-0.21,-0.26,-0.29,0.37,-0.43,0.3,-0.35,-0.92,0.54,0.05,-0.18,0.12,-0.1,-0.18,0.03,-0.11,0.3,-0.02,0.06,-0.09,0.21,-0.41,-0.15,0.17,-0.04,0.13,0.17,-0.87,0.2,-0.04,-0.2,-0.22,-0.07,0.33,0.03,-0.14,0.28,-0.13,-0.21,0.21,0.27,0.46,-0.29,0.15,0.32,-0.24,-0.05,0.59,0.15,-0.24,-0.12,0.2,-0.24,0.01,-0.16,0.04,0.29,0.38,-0.26,-0.41,0.46,-0.33,-0.19,0.37,-0.06,0.17,0.41,0.01,0.05,0.01,-0.1,-0.15,-0.04,0.02,0.09,0.0,0.34,-0.05,-0.29,-0.15,-0.29,-0.19,-0.29,0.17,0.13,-0.34,-0.23,-0.32,0.09,0.06,0.33,-0.16,-0.09,0.07,-0.1,-0.1,-0.25,0.43,0.37,0.17,0.15,0.37,0.17,0.11,0.27,-0.17,-0.23,-1.04,0.01,0.14,0.32,-0.21,0.01,-0.19,-0.07,0.03,-0.08,0.7,-0.43,-0.04,0.32,-0.06,0.13,0.27,-0.03
MIYS960103,11789.0,3325.0,6465.0,7836.0,1584.0,8981.0,6075.0,2951.0,1120.0,4306.0,1549.0,1558.0,5003.0,2605.0,5205.0,5037.0,3062.0,1375.0,3368.0,3550.0,3325.0,1554.0,5729.0,6531.0,1490.0,1354.0,5014.0,1463.0,1389.0,1410.0,1247.0,1332.0,1827.0,4199.0,4550.0,3376.0,1273.0,1456.0,5188.0,8218.0,6465.0,5729.0,5751.0,6091.0,1803.0,6706.0,13533.0,4133.0,21432.0,26396.0,6019.0,1209.0,4260.0,5395.0,8570.0,9501.0,1200.0,6054.0,3304.0,10234.0,7836.0,6531.0,6091.0,6368.0,6827.0,3036.0,3077.0,3483.0,2779.0,1983.0,2989.0,3425.0,2097.0,10516.0,1189.0,4600.0,7632.0,3930.0,2665.0,1916.0,1584.0,1490.0,1803.0,6827.0,4678.0,3957.0,4720.0,2595.0,2253.0,1057.0,2045.0,3772.0,2765.0,6523.0,4168.0,5549.0,4653.0,1975.0,5537.0,5102.0,8981.0,1354.0,6706.0,3036.0,3957.0,1824.0,11447.0,4790.0,8327.0,5920.0,3012.0,1224.0,6343.0,2956.0,3096.0,12019.0,3073.0,5117.0,6443.0,10084.0,6075.0,5014.0,13533.0,3077.0,4720.0,11447.0,2205.0,5567.0,5458.0,4843.0,11323.0,16465.0,5790.0,2940.0,1884.0,7362.0,2475.0,11312.0,4412.0,6172.0,2951.0,1463.0,4133.0,3483.0,2595.0,4790.0,5567.0,3071.0,11387.0,7958.0,4940.0,4065.0,5281.0,3217.0,17079.0,4806.0,9465.0,1588.0,4387.0,3453.0,1120.0,1389.0,21432.0,2779.0,2253.0,8327.0,5458.0,11387.0,1393.0,1444.0,2498.0,4318.0,1889.0,3056.0,7319.0,1708.0,519.0,3792.0,7942.0,4433.0,4306.0,1410.0,26396.0,1983.0,1057.0,5920.0,4843.0,7958.0,1444.0,1381.0,1168.0,3331.0,1521.0,2573.0,5656.0,2946.0,1091.0,1367.0,3101.0,4810.0,1549.0,1247.0,6019.0,2989.0,2045.0,3012.0,11323.0,4940.0,2498.0,1168.0,5105.0,3830.0,3350.0,3114.0,8632.0,4601.0,7235.0,10806.0,2441.0,6770.0,1558.0,1332.0,1209.0,3425.0,3772.0,1224.0,16465.0,4065.0,4318.0,3331.0,3830.0,3603.0,4498.0,2800.0,5933.0,9071.0,2525.0,6653.0,8432.0,24837.0,5003.0,1827.0,4260.0,2097.0,2765.0,6343.0,5790.0,5281.0,1889.0,1521.0,3350.0,4498.0,2491.0,2581.0,4918.0,21733.0,4867.0,4768.0,4792.0,4606.0,2605.0,4199.0,5395.0,10516.0,6523.0,2956.0,2940.0,3217.0,3056.0,2573.0,3114.0,2800.0,2581.0,1125.0,4001.0,10183.0,17228.0,4778.0,3098.0,4546.0,5205.0,4550.0,8570.0,1189.0,4168.0,3096.0,1884.0,17079.0,7319.0,5656.0,8632.0,5933.0,4918.0,4001.0,1253.0,5248.0,10881.0,2053.0,3600.0,1883.0,5037.0,3376.0,9501.0,4600.0,5549.0,12019.0,7362.0,4806.0,1708.0,2946.0,4601.0,9071.0,21733.0,10183.0,5248.0,4541.0,5241.0,19830.0,13584.0,3215.0,3062.0,1273.0,1200.0,7632.0,4653.0,3073.0,2475.0,9465.0,519.0,1091.0,7235.0,2525.0,4867.0,17228.0,10881.0,5241.0,32623.0,12746.0,5437.0,5343.0,1375.0,1456.0,6054.0,3930.0,1975.0,5117.0,11312.0,1588.0,3792.0,1367.0,10806.0,6653.0,4768.0,4778.0,2053.0,19830.0,12746.0,14091.0,9906.0,7777.0,3368.0,5188.0,3304.0,2665.0,5537.0,6443.0,4412.0,4387.0,7942.0,3101.0,2441.0,8432.0,4792.0,3098.0,3600.0,13584.0,5437.0,9906.0,6518.0,9059.0,3550.0,8218.0,10234.0,1916.0,5102.0,10084.0,6172.0,3453.0,4433.0,4810.0,6770.0,24837.0,4606.0,4546.0,1883.0,3215.0,5343.0,7777.0,9059.0,3723.0
MIYS990106,-0.12,0.1,0.15,0.27,0.12,-0.24,0.02,0.29,0.08,-0.33,-0.01,0.19,-1.19,-0.06,0.24,0.22,0.09,-0.07,0.06,0.24,0.1,0.38,0.27,0.22,-0.06,0.76,-0.27,0.03,0.3,0.04,-0.61,0.15,0.12,0.24,0.12,-0.17,-0.29,0.29,-0.66,-0.7,0.15,0.27,0.04,-0.04,0.66,0.17,-0.16,-0.18,-0.84,-0.81,0.41,-0.36,0.22,-0.65,-0.22,-0.01,0.33,0.29,0.28,-0.06,0.27,0.22,-0.04,0.15,0.02,0.17,0.18,0.33,0.17,-0.18,0.37,0.0,0.01,-0.36,0.2,-0.05,-0.12,-0.19,0.47,-0.13,0.12,-0.06,0.66,0.02,-0.05,0.22,0.11,-0.11,-0.37,-0.02,-0.39,-0.01,-0.56,-0.19,-0.31,-0.58,-0.25,-0.49,-0.08,-0.09,-0.24,0.76,0.17,0.17,0.22,0.11,0.1,0.16,0.1,0.09,-0.13,-0.4,0.18,-0.05,0.27,-0.01,0.04,0.36,0.03,-0.02,0.02,-0.27,-0.16,0.18,0.11,0.1,0.05,-0.12,0.05,0.2,0.04,-0.37,0.04,-0.01,0.46,0.11,-0.15,-0.04,0.12,0.16,0.29,0.03,-0.18,0.33,-0.11,0.16,-0.12,-0.03,-0.15,-0.15,0.33,0.0,-0.15,0.18,-0.08,0.13,0.04,-0.21,0.03,-0.27,0.08,0.3,-0.84,0.17,-0.37,0.1,0.05,-0.15,-0.73,0.07,-0.68,0.22,-0.01,-0.11,-0.01,-0.02,-0.64,-0.11,-0.2,-0.25,-0.33,0.04,-0.81,-0.18,-0.02,0.09,0.2,-0.15,0.07,-0.1,-0.66,0.14,0.0,-0.67,0.09,-0.25,-0.37,0.09,-0.6,-0.62,-0.01,-0.61,0.41,0.37,-0.39,-0.13,0.04,0.33,-0.68,-0.66,-0.07,-0.64,-0.14,0.14,0.11,-0.08,-0.22,-0.55,-0.3,-0.49,0.19,0.15,-0.36,0.0,-0.01,-0.4,-0.37,0.0,0.22,0.14,-0.64,-0.1,0.17,0.0,0.38,-0.13,-0.13,-0.04,-0.74,-0.38,-1.19,0.12,0.22,0.01,-0.56,0.18,0.04,-0.15,-0.01,0.0,-0.14,0.17,-0.45,-0.34,0.13,-0.32,0.08,-0.59,0.12,0.36,-0.06,0.24,-0.65,-0.36,-0.19,-0.05,-0.01,0.18,-0.11,-0.67,0.14,0.0,-0.34,-0.7,0.44,-0.73,-0.8,-0.88,0.19,-0.83,0.24,0.12,-0.22,0.2,-0.31,0.27,0.46,-0.08,-0.01,0.09,0.11,0.38,0.13,0.44,0.2,0.32,-0.29,0.0,0.07,0.05,0.22,-0.17,-0.01,-0.05,-0.58,-0.01,0.11,0.13,-0.02,-0.25,-0.08,-0.13,-0.32,-0.73,0.32,0.08,0.26,-0.67,-0.15,-0.06,0.09,-0.29,0.33,-0.12,-0.25,0.04,-0.15,0.04,-0.64,-0.37,-0.22,-0.13,0.08,-0.8,-0.29,0.26,-0.74,-0.67,0.29,-0.51,-0.07,0.29,0.29,-0.19,-0.49,0.36,-0.04,-0.21,-0.11,0.09,-0.55,-0.04,-0.59,-0.88,0.0,-0.67,-0.67,-0.65,-0.07,-0.38,0.06,-0.66,0.28,0.47,-0.08,0.03,0.12,0.03,-0.2,-0.6,-0.3,-0.74,0.12,0.19,0.07,-0.15,0.29,-0.07,-0.05,0.04,0.24,-0.7,-0.06,-0.13,-0.09,-0.02,0.16,-0.27,-0.25,-0.62,-0.49,-0.38,0.36,-0.83,0.05,-0.06,-0.51,-0.38,0.04,-0.51
MIYS990107,-0.08,-0.08,0.07,0.1,0.25,-0.51,-0.27,-0.09,0.32,0.01,0.21,0.03,-0.55,-0.26,0.18,0.09,-0.14,0.1,-0.19,-0.1,-0.08,0.1,0.4,0.24,0.04,0.16,0.0,0.2,0.36,0.19,-0.04,0.02,0.16,0.22,-0.19,0.1,-0.02,0.24,-0.13,-0.13,0.07,0.4,0.26,0.13,0.28,0.28,0.18,0.16,-0.2,-0.21,0.13,-0.02,-0.18,-0.01,-0.51,-0.5,0.35,0.01,-0.17,-0.57,0.1,0.24,0.13,0.06,-0.07,-0.02,-0.03,0.03,-0.09,0.03,0.05,0.04,-0.08,-0.01,0.31,0.12,0.09,0.03,0.06,0.01,0.25,0.04,0.28,-0.07,-0.12,-0.04,-0.02,0.09,-0.21,0.1,0.16,0.12,-0.08,0.16,0.03,-0.02,-0.13,0.01,0.04,0.09,-0.51,0.16,0.28,-0.02,-0.04,-0.11,0.01,-0.03,-0.2,-0.12,0.08,-0.36,-0.14,0.2,-0.09,-0.1,-0.05,-0.05,0.2,0.19,-0.27,0.0,0.18,-0.03,-0.02,0.01,0.19,0.1,-0.17,-0.02,0.01,-0.07,-0.11,0.22,0.04,-0.13,0.12,-0.07,-0.08,-0.1,-0.09,0.2,0.16,0.03,0.09,-0.03,0.1,-0.06,0.12,0.08,-0.02,0.2,0.13,0.32,-0.04,-0.03,-0.12,-0.02,-0.07,0.02,0.32,0.36,-0.2,-0.09,-0.21,-0.2,-0.17,0.12,-0.21,0.15,-0.08,0.31,0.15,0.07,-0.09,0.2,-0.1,0.02,0.05,-0.1,0.01,0.19,-0.21,0.03,0.1,-0.12,-0.02,0.08,0.15,0.07,-0.07,0.32,0.06,-0.02,0.03,0.04,-0.08,0.06,-0.05,-0.03,0.21,-0.04,0.13,0.05,0.16,0.08,0.01,-0.02,-0.08,-0.07,-0.03,-0.04,-0.06,0.26,-0.06,-0.06,0.03,0.0,-0.05,0.02,0.03,0.02,-0.02,0.04,0.12,-0.36,-0.07,0.2,0.31,0.32,-0.04,-0.27,0.24,-0.19,0.19,0.17,0.17,0.2,-0.18,-0.04,-0.55,0.16,-0.18,-0.08,-0.08,-0.14,-0.11,0.13,0.15,0.06,-0.06,0.24,0.01,0.01,0.0,-0.07,0.23,-0.04,0.25,0.4,-0.26,0.22,-0.01,-0.01,0.16,0.2,0.22,0.32,0.07,-0.02,0.26,-0.19,0.01,-0.2,0.04,-0.12,-0.15,-0.22,0.22,-0.25,0.18,-0.19,-0.51,0.31,0.03,-0.09,0.04,-0.04,-0.09,0.03,-0.06,0.19,0.0,0.04,-0.1,0.13,-0.25,-0.08,0.11,-0.01,0.09,0.1,-0.5,0.12,-0.02,-0.1,-0.13,-0.03,0.2,0.04,-0.06,0.17,-0.07,-0.12,0.13,0.16,0.28,-0.16,0.1,0.19,-0.14,-0.02,0.35,0.09,-0.13,-0.05,0.12,-0.12,-0.1,-0.08,0.03,0.17,0.23,-0.15,-0.25,0.28,-0.19,-0.11,0.22,-0.03,0.1,0.24,0.01,0.03,0.01,-0.05,-0.07,-0.02,0.02,0.06,0.0,0.2,-0.04,-0.22,-0.08,-0.16,-0.11,-0.19,0.11,0.08,-0.19,-0.13,-0.17,0.06,0.04,0.2,-0.08,-0.07,0.05,-0.05,-0.05,-0.18,0.25,0.22,0.11,0.1,0.22,0.11,0.07,0.16,-0.1,-0.13,-0.57,0.01,0.09,0.19,-0.1,0.02,-0.1,-0.03,0.02,-0.04,0.4,-0.25,-0.01,0.19,-0.03,0.08,0.16,-0.01
